 0  0.0 0.0
 1  0.0 1.0
 2  0.0 2.0
 3  0.0 3.0
 4  0.0 4.0
 5  0.0 5.0
 6  0.0 6.0
 7  0.0 7.0
 8  0.0 8.0
 9  0.0 9.0
 10  0.0 10.0
 11  0.0 11.0
 12  0.0 12.0
 13  0.0 13.0
 14  0.0 14.0
 15  0.0 15.0
 16  0.0 16.0
 17  0.0 17.0
 18  0.0 18.0
 19  0.0 19.0
 20  0.0 20.0
 21  0.0 21.0
 22  0.0 22.0
 23  0.0 23.0
 24  0.0 24.0
 25  0.0 25.0
 26  0.0 26.0
 27  0.0 27.0
 28  0.0 28.0
 29  0.0 29.0
 30  1.0 0.0
 31  1.0 1.0
 32  1.0 2.0
 33  1.0 3.0
 34  1.0 4.0
 35  1.0 5.0
 36  1.0 6.0
 37  1.0 7.0
 38  1.0 8.0
 39  1.0 9.0
 40  1.0 10.0
 41  1.0 11.0
 42  1.0 12.0
 43  1.0 13.0
 44  1.0 14.0
 45  1.0 15.0
 46  1.0 16.0
 47  1.0 17.0
 48  1.0 18.0
 49  1.0 19.0
 50  1.0 20.0
 51  1.0 21.0
 52  1.0 22.0
 53  1.0 23.0
 54  1.0 24.0
 55  1.0 25.0
 56  1.0 26.0
 57  1.0 27.0
 58  1.0 28.0
 59  1.0 29.0
 60  2.0 0.0
 61  2.0 1.0
 62  2.0 2.0
 63  2.0 3.0
 64  2.0 4.0
 65  2.0 5.0
 66  2.0 6.0
 67  2.0 7.0
 68  2.0 8.0
 69  2.0 9.0
 70  2.0 10.0
 71  2.0 11.0
 72  2.0 12.0
 73  2.0 13.0
 74  2.0 14.0
 75  2.0 15.0
 76  2.0 16.0
 77  2.0 17.0
 78  2.0 18.0
 79  2.0 19.0
 80  2.0 20.0
 81  2.0 21.0
 82  2.0 22.0
 83  2.0 23.0
 84  2.0 24.0
 85  2.0 25.0
 86  2.0 26.0
 87  2.0 27.0
 88  2.0 28.0
 89  2.0 29.0
 90  3.0 0.0
 91  3.0 1.0
 92  3.0 2.0
 93  3.0 3.0
 94  3.0 4.0
 95  3.0 5.0
 96  3.0 6.0
 97  3.0 7.0
 98  3.0 8.0
 99  3.0 9.0
 100  3.0 10.0
 101  3.0 11.0
 102  3.0 12.0
 103  3.0 13.0
 104  3.0 14.0
 105  3.0 15.0
 106  3.0 16.0
 107  3.0 17.0
 108  3.0 18.0
 109  3.0 19.0
 110  3.0 20.0
 111  3.0 21.0
 112  3.0 22.0
 113  3.0 23.0
 114  3.0 24.0
 115  3.0 25.0
 116  3.0 26.0
 117  3.0 27.0
 118  3.0 28.0
 119  3.0 29.0
 120  4.0 0.0
 121  4.0 1.0
 122  4.0 2.0
 123  4.0 3.0
 124  4.0 4.0
 125  4.0 5.0
 126  4.0 6.0
 127  4.0 7.0
 128  4.0 8.0
 129  4.0 9.0
 130  4.0 10.0
 131  4.0 11.0
 132  4.0 12.0
 133  4.0 13.0
 134  4.0 14.0
 135  4.0 15.0
 136  4.0 16.0
 137  4.0 17.0
 138  4.0 18.0
 139  4.0 19.0
 140  4.0 20.0
 141  4.0 21.0
 142  4.0 22.0
 143  4.0 23.0
 144  4.0 24.0
 145  4.0 25.0
 146  4.0 26.0
 147  4.0 27.0
 148  4.0 28.0
 149  4.0 29.0
 150  5.0 0.0
 151  5.0 1.0
 152  5.0 2.0
 153  5.0 3.0
 154  5.0 4.0
 155  5.0 16.0
 156  5.0 17.0
 157  5.0 18.0
 158  5.0 19.0
 159  6.0 0.0
 160  6.0 1.0
 161  6.0 2.0
 162  6.0 3.0
 163  6.0 4.0
 164  6.0 16.0
 165  6.0 17.0
 166  6.0 18.0
 167  6.0 19.0
 168  7.0 0.0
 169  7.0 1.0
 170  7.0 2.0
 171  7.0 3.0
 172  7.0 4.0
 173  7.0 16.0
 174  7.0 17.0
 175  7.0 18.0
 176  7.0 19.0
 177  8.0 0.0
 178  8.0 1.0
 179  8.0 2.0
 180  8.0 3.0
 181  8.0 4.0
 182  8.0 16.0
 183  8.0 17.0
 184  8.0 18.0
 185  8.0 19.0
 186  9.0 0.0
 187  9.0 1.0
 188  9.0 2.0
 189  9.0 3.0
 190  9.0 4.0
 191  9.0 16.0
 192  9.0 17.0
 193  9.0 18.0
 194  9.0 19.0
 195  10.0 0.0
 196  10.0 1.0
 197  10.0 2.0
 198  10.0 3.0
 199  10.0 4.0
 200  10.0 16.0
 201  10.0 17.0
 202  10.0 18.0
 203  10.0 19.0
 204  11.0 0.0
 205  11.0 1.0
 206  11.0 2.0
 207  11.0 3.0
 208  11.0 4.0
 209  11.0 16.0
 210  11.0 17.0
 211  11.0 18.0
 212  11.0 19.0
 213  12.0 0.0
 214  12.0 1.0
 215  12.0 2.0
 216  12.0 3.0
 217  12.0 4.0
 218  12.0 16.0
 219  12.0 17.0
 220  12.0 18.0
 221  12.0 19.0
 222  13.0 0.0
 223  13.0 1.0
 224  13.0 2.0
 225  13.0 3.0
 226  13.0 4.0
 227  13.0 16.0
 228  13.0 17.0
 229  13.0 18.0
 230  13.0 19.0
 231  14.0 0.0
 232  14.0 1.0
 233  14.0 2.0
 234  14.0 3.0
 235  14.0 4.0
 236  14.0 16.0
 237  14.0 17.0
 238  14.0 18.0
 239  14.0 19.0
 240  15.0 0.0
 241  15.0 1.0
 242  15.0 2.0
 243  15.0 3.0
 244  15.0 4.0
 245  15.0 16.0
 246  15.0 17.0
 247  15.0 18.0
 248  15.0 19.0
 249  16.0 0.0
 250  16.0 1.0
 251  16.0 2.0
 252  16.0 3.0
 253  16.0 4.0
 254  16.0 5.0
 255  16.0 6.0
 256  16.0 7.0
 257  16.0 8.0
 258  16.0 9.0
 259  16.0 10.0
 260  16.0 11.0
 261  16.0 12.0
 262  16.0 13.0
 263  16.0 14.0
 264  16.0 15.0
 265  16.0 16.0
 266  16.0 17.0
 267  16.0 18.0
 268  16.0 19.0
 269  16.0 20.0
 270  16.0 21.0
 271  16.0 22.0
 272  16.0 23.0
 273  16.0 24.0
 274  16.0 25.0
 275  16.0 26.0
 276  16.0 27.0
 277  16.0 28.0
 278  16.0 29.0
 279  17.0 0.0
 280  17.0 1.0
 281  17.0 2.0
 282  17.0 3.0
 283  17.0 4.0
 284  17.0 5.0
 285  17.0 6.0
 286  17.0 7.0
 287  17.0 8.0
 288  17.0 9.0
 289  17.0 10.0
 290  17.0 11.0
 291  17.0 12.0
 292  17.0 13.0
 293  17.0 14.0
 294  17.0 15.0
 295  17.0 16.0
 296  17.0 17.0
 297  17.0 18.0
 298  17.0 19.0
 299  17.0 20.0
 300  17.0 21.0
 301  17.0 22.0
 302  17.0 23.0
 303  17.0 24.0
 304  17.0 25.0
 305  17.0 26.0
 306  17.0 27.0
 307  17.0 28.0
 308  17.0 29.0
 309  18.0 0.0
 310  18.0 1.0
 311  18.0 2.0
 312  18.0 3.0
 313  18.0 4.0
 314  18.0 5.0
 315  18.0 6.0
 316  18.0 7.0
 317  18.0 8.0
 318  18.0 9.0
 319  18.0 10.0
 320  18.0 11.0
 321  18.0 12.0
 322  18.0 13.0
 323  18.0 14.0
 324  18.0 15.0
 325  18.0 16.0
 326  18.0 17.0
 327  18.0 18.0
 328  18.0 19.0
 329  18.0 20.0
 330  18.0 21.0
 331  18.0 22.0
 332  18.0 23.0
 333  18.0 24.0
 334  18.0 25.0
 335  18.0 26.0
 336  18.0 27.0
 337  18.0 28.0
 338  18.0 29.0
 339  19.0 0.0
 340  19.0 1.0
 341  19.0 2.0
 342  19.0 3.0
 343  19.0 4.0
 344  19.0 5.0
 345  19.0 6.0
 346  19.0 7.0
 347  19.0 8.0
 348  19.0 9.0
 349  19.0 10.0
 350  19.0 11.0
 351  19.0 12.0
 352  19.0 13.0
 353  19.0 14.0
 354  19.0 15.0
 355  19.0 16.0
 356  19.0 17.0
 357  19.0 18.0
 358  19.0 19.0
 359  19.0 20.0
 360  19.0 21.0
 361  19.0 22.0
 362  19.0 23.0
 363  19.0 24.0
 364  19.0 25.0
 365  19.0 26.0
 366  19.0 27.0
 367  19.0 28.0
 368  19.0 29.0
 369  20.0 0.0
 370  20.0 1.0
 371  20.0 2.0
 372  20.0 3.0
 373  20.0 4.0
 374  20.0 5.0
 375  20.0 6.0
 376  20.0 7.0
 377  20.0 8.0
 378  20.0 9.0
 379  20.0 10.0
 380  20.0 11.0
 381  20.0 12.0
 382  20.0 13.0
 383  20.0 14.0
 384  20.0 15.0
 385  20.0 16.0
 386  20.0 17.0
 387  20.0 18.0
 388  20.0 19.0
 389  20.0 20.0
 390  20.0 21.0
 391  20.0 22.0
 392  20.0 23.0
 393  20.0 24.0
 394  20.0 25.0
 395  20.0 26.0
 396  20.0 27.0
 397  20.0 28.0
 398  20.0 29.0
 399  21.0 0.0
 400  21.0 1.0
 401  21.0 2.0
 402  21.0 3.0
 403  21.0 4.0
 404  21.0 5.0
 405  21.0 6.0
 406  21.0 7.0
 407  21.0 8.0
 408  21.0 9.0
 409  21.0 10.0
 410  21.0 11.0
 411  21.0 12.0
 412  21.0 13.0
 413  21.0 14.0
 414  21.0 15.0
 415  21.0 16.0
 416  21.0 17.0
 417  21.0 18.0
 418  21.0 19.0
 419  21.0 20.0
 420  21.0 21.0
 421  21.0 22.0
 422  21.0 23.0
 423  21.0 24.0
 424  21.0 25.0
 425  21.0 26.0
 426  21.0 27.0
 427  21.0 28.0
 428  21.0 29.0
 429  22.0 0.0
 430  22.0 1.0
 431  22.0 2.0
 432  22.0 3.0
 433  22.0 4.0
 434  22.0 5.0
 435  22.0 6.0
 436  22.0 7.0
 437  22.0 8.0
 438  22.0 9.0
 439  22.0 10.0
 440  22.0 11.0
 441  22.0 12.0
 442  22.0 13.0
 443  22.0 14.0
 444  22.0 15.0
 445  22.0 16.0
 446  22.0 17.0
 447  22.0 18.0
 448  22.0 19.0
 449  22.0 20.0
 450  22.0 21.0
 451  22.0 22.0
 452  22.0 23.0
 453  22.0 24.0
 454  22.0 25.0
 455  22.0 26.0
 456  22.0 27.0
 457  22.0 28.0
 458  22.0 29.0
 459  23.0 0.0
 460  23.0 1.0
 461  23.0 2.0
 462  23.0 3.0
 463  23.0 4.0
 464  23.0 5.0
 465  23.0 6.0
 466  23.0 7.0
 467  23.0 8.0
 468  23.0 9.0
 469  23.0 10.0
 470  23.0 11.0
 471  23.0 12.0
 472  23.0 13.0
 473  23.0 14.0
 474  23.0 15.0
 475  23.0 16.0
 476  23.0 17.0
 477  23.0 18.0
 478  23.0 19.0
 479  23.0 20.0
 480  23.0 21.0
 481  23.0 22.0
 482  23.0 23.0
 483  23.0 24.0
 484  23.0 25.0
 485  23.0 26.0
 486  23.0 27.0
 487  23.0 28.0
 488  23.0 29.0
 489  24.0 0.0
 490  24.0 1.0
 491  24.0 2.0
 492  24.0 3.0
 493  24.0 4.0
 494  24.0 5.0
 495  24.0 6.0
 496  24.0 7.0
 497  24.0 8.0
 498  24.0 9.0
 499  24.0 10.0
 500  24.0 11.0
 501  24.0 12.0
 502  24.0 13.0
 503  24.0 14.0
 504  24.0 15.0
 505  24.0 16.0
 506  24.0 17.0
 507  24.0 18.0
 508  24.0 19.0
 509  24.0 20.0
 510  24.0 21.0
 511  24.0 22.0
 512  24.0 23.0
 513  24.0 24.0
 514  24.0 25.0
 515  24.0 26.0
 516  24.0 27.0
 517  24.0 28.0
 518  24.0 29.0
 519  25.0 0.0
 520  25.0 1.0
 521  25.0 2.0
 522  25.0 3.0
 523  25.0 4.0
 524  25.0 5.0
 525  25.0 6.0
 526  25.0 7.0
 527  25.0 8.0
 528  25.0 9.0
 529  25.0 10.0
 530  25.0 11.0
 531  25.0 12.0
 532  25.0 13.0
 533  25.0 14.0
 534  25.0 15.0
 535  25.0 16.0
 536  25.0 17.0
 537  25.0 18.0
 538  25.0 19.0
 539  25.0 20.0
 540  25.0 21.0
 541  25.0 22.0
 542  25.0 23.0
 543  25.0 24.0
 544  25.0 25.0
 545  25.0 26.0
 546  25.0 27.0
 547  25.0 28.0
 548  25.0 29.0
 549  26.0 0.0
 550  26.0 1.0
 551  26.0 2.0
 552  26.0 3.0
 553  26.0 4.0
 554  26.0 5.0
 555  26.0 6.0
 556  26.0 7.0
 557  26.0 8.0
 558  26.0 9.0
 559  26.0 10.0
 560  26.0 11.0
 561  26.0 12.0
 562  26.0 13.0
 563  26.0 14.0
 564  26.0 15.0
 565  26.0 16.0
 566  26.0 17.0
 567  26.0 18.0
 568  26.0 19.0
 569  26.0 20.0
 570  26.0 21.0
 571  26.0 22.0
 572  26.0 23.0
 573  26.0 24.0
 574  26.0 25.0
 575  26.0 26.0
 576  26.0 27.0
 577  26.0 28.0
 578  26.0 29.0
 579  27.0 0.0
 580  27.0 1.0
 581  27.0 2.0
 582  27.0 3.0
 583  27.0 4.0
 584  27.0 5.0
 585  27.0 6.0
 586  27.0 7.0
 587  27.0 8.0
 588  27.0 9.0
 589  27.0 10.0
 590  27.0 11.0
 591  27.0 12.0
 592  27.0 13.0
 593  27.0 14.0
 594  27.0 15.0
 595  27.0 16.0
 596  27.0 17.0
 597  27.0 18.0
 598  27.0 19.0
 599  27.0 20.0
 600  27.0 21.0
 601  27.0 22.0
 602  27.0 23.0
 603  27.0 24.0
 604  27.0 25.0
 605  27.0 26.0
 606  27.0 27.0
 607  27.0 28.0
 608  27.0 29.0
 609  28.0 0.0
 610  28.0 1.0
 611  28.0 2.0
 612  28.0 3.0
 613  28.0 4.0
 614  28.0 5.0
 615  28.0 6.0
 616  28.0 7.0
 617  28.0 8.0
 618  28.0 9.0
 619  28.0 10.0
 620  28.0 11.0
 621  28.0 12.0
 622  28.0 13.0
 623  28.0 14.0
 624  28.0 15.0
 625  28.0 16.0
 626  28.0 17.0
 627  28.0 18.0
 628  28.0 19.0
 629  28.0 20.0
 630  28.0 21.0
 631  28.0 22.0
 632  28.0 23.0
 633  28.0 24.0
 634  28.0 25.0
 635  28.0 26.0
 636  28.0 27.0
 637  28.0 28.0
 638  28.0 29.0
 639  29.0 0.0
 640  29.0 1.0
 641  29.0 2.0
 642  29.0 3.0
 643  29.0 4.0
 644  29.0 5.0
 645  29.0 6.0
 646  29.0 7.0
 647  29.0 8.0
 648  29.0 9.0
 649  29.0 10.0
 650  29.0 11.0
 651  29.0 12.0
 652  29.0 13.0
 653  29.0 14.0
 654  29.0 15.0
 655  29.0 16.0
 656  29.0 17.0
 657  29.0 18.0
 658  29.0 19.0
 659  29.0 20.0
 660  29.0 21.0
 661  29.0 22.0
 662  29.0 23.0
 663  29.0 24.0
 664  29.0 25.0
 665  29.0 26.0
 666  29.0 27.0
 667  29.0 28.0
 668  29.0 29.0
