 0  1.0 1.0
 1  1.0 2.0
 2  1.0 3.0
 3  1.0 4.0
 4  1.0 5.0
 5  1.0 6.0
 6  1.0 7.0
 7  1.0 8.0
 8  1.0 9.0
 9  1.0 10.0
 10  1.0 11.0
 11  1.0 12.0
 12  1.0 13.0
 13  1.0 14.0
 14  1.0 15.0
 15  1.0 16.0
 16  1.0 17.0
 17  1.0 18.0
 18  1.0 19.0
 19  1.0 20.0
 20  1.0 21.0
 21  1.0 22.0
 22  1.0 23.0
 23  1.0 24.0
 24  1.0 25.0
 25  1.0 26.0
 26  1.0 27.0
 27  1.0 28.0
 28  1.0 29.0
 29  1.0 30.0
 30  1.0 31.0
 31  1.0 32.0
 32  1.0 33.0
 33  1.0 34.0
 34  1.0 35.0
 35  1.0 36.0
 36  1.0 37.0
 37  1.0 38.0
 38  1.0 39.0
 39  1.0 40.0
 40  2.0 1.0
 41  2.0 2.0
 42  2.0 3.0
 43  2.0 4.0
 44  2.0 5.0
 45  2.0 6.0
 46  2.0 7.0
 47  2.0 8.0
 48  2.0 9.0
 49  2.0 10.0
 50  2.0 11.0
 51  2.0 12.0
 52  2.0 13.0
 53  2.0 14.0
 54  2.0 15.0
 55  2.0 16.0
 56  2.0 17.0
 57  2.0 18.0
 58  2.0 19.0
 59  2.0 20.0
 60  2.0 21.0
 61  2.0 22.0
 62  2.0 23.0
 63  2.0 24.0
 64  2.0 25.0
 65  2.0 26.0
 66  2.0 27.0
 67  2.0 28.0
 68  2.0 29.0
 69  2.0 30.0
 70  2.0 31.0
 71  2.0 32.0
 72  2.0 33.0
 73  2.0 34.0
 74  2.0 35.0
 75  2.0 36.0
 76  2.0 37.0
 77  2.0 38.0
 78  2.0 39.0
 79  2.0 40.0
 80  3.0 1.0
 81  3.0 2.0
 82  3.0 3.0
 83  3.0 4.0
 84  3.0 5.0
 85  3.0 6.0
 86  3.0 7.0
 87  3.0 8.0
 88  3.0 9.0
 89  3.0 10.0
 90  3.0 11.0
 91  3.0 12.0
 92  3.0 13.0
 93  3.0 14.0
 94  3.0 15.0
 95  3.0 16.0
 96  3.0 17.0
 97  3.0 18.0
 98  3.0 19.0
 99  3.0 20.0
 100  3.0 21.0
 101  3.0 22.0
 102  3.0 23.0
 103  3.0 24.0
 104  3.0 25.0
 105  3.0 26.0
 106  3.0 27.0
 107  3.0 28.0
 108  3.0 29.0
 109  3.0 30.0
 110  3.0 31.0
 111  3.0 32.0
 112  3.0 33.0
 113  3.0 34.0
 114  3.0 35.0
 115  3.0 36.0
 116  3.0 37.0
 117  3.0 38.0
 118  3.0 39.0
 119  3.0 40.0
 120  4.0 1.0
 121  4.0 2.0
 122  4.0 3.0
 123  4.0 4.0
 124  4.0 5.0
 125  4.0 6.0
 126  4.0 7.0
 127  4.0 8.0
 128  4.0 9.0
 129  4.0 10.0
 130  4.0 11.0
 131  4.0 12.0
 132  4.0 13.0
 133  4.0 14.0
 134  4.0 15.0
 135  4.0 16.0
 136  4.0 17.0
 137  4.0 18.0
 138  4.0 19.0
 139  4.0 20.0
 140  4.0 21.0
 141  4.0 22.0
 142  4.0 23.0
 143  4.0 24.0
 144  4.0 25.0
 145  4.0 26.0
 146  4.0 27.0
 147  4.0 28.0
 148  4.0 29.0
 149  4.0 30.0
 150  4.0 31.0
 151  4.0 32.0
 152  4.0 33.0
 153  4.0 34.0
 154  4.0 35.0
 155  4.0 36.0
 156  4.0 37.0
 157  4.0 38.0
 158  4.0 39.0
 159  4.0 40.0
 160  5.0 1.0
 161  5.0 2.0
 162  5.0 3.0
 163  5.0 4.0
 164  5.0 5.0
 165  5.0 6.0
 166  5.0 7.0
 167  5.0 8.0
 168  5.0 9.0
 169  5.0 10.0
 170  5.0 11.0
 171  5.0 12.0
 172  5.0 13.0
 173  5.0 14.0
 174  5.0 15.0
 175  5.0 16.0
 176  5.0 17.0
 177  5.0 18.0
 178  5.0 19.0
 179  5.0 20.0
 180  5.0 21.0
 181  5.0 22.0
 182  5.0 23.0
 183  5.0 24.0
 184  5.0 25.0
 185  5.0 26.0
 186  5.0 27.0
 187  5.0 28.0
 188  5.0 29.0
 189  5.0 30.0
 190  5.0 31.0
 191  5.0 32.0
 192  5.0 33.0
 193  5.0 34.0
 194  5.0 35.0
 195  5.0 36.0
 196  5.0 37.0
 197  5.0 38.0
 198  5.0 39.0
 199  5.0 40.0
 200  6.0 1.0
 201  6.0 2.0
 202  6.0 3.0
 203  6.0 4.0
 204  6.0 5.0
 205  6.0 6.0
 206  6.0 7.0
 207  6.0 8.0
 208  6.0 9.0
 209  6.0 10.0
 210  6.0 11.0
 211  6.0 12.0
 212  6.0 13.0
 213  6.0 14.0
 214  6.0 15.0
 215  6.0 16.0
 216  6.0 17.0
 217  6.0 18.0
 218  6.0 19.0
 219  6.0 20.0
 220  6.0 21.0
 221  6.0 22.0
 222  6.0 23.0
 223  6.0 24.0
 224  6.0 25.0
 225  6.0 26.0
 226  6.0 27.0
 227  6.0 28.0
 228  6.0 29.0
 229  6.0 30.0
 230  6.0 31.0
 231  6.0 32.0
 232  6.0 33.0
 233  6.0 34.0
 234  6.0 35.0
 235  6.0 36.0
 236  6.0 37.0
 237  6.0 38.0
 238  6.0 39.0
 239  6.0 40.0
 240  7.0 1.0
 241  7.0 2.0
 242  7.0 3.0
 243  7.0 4.0
 244  7.0 5.0
 245  7.0 6.0
 246  7.0 7.0
 247  7.0 8.0
 248  7.0 9.0
 249  7.0 10.0
 250  7.0 11.0
 251  7.0 12.0
 252  7.0 13.0
 253  7.0 14.0
 254  7.0 15.0
 255  7.0 16.0
 256  7.0 17.0
 257  7.0 18.0
 258  7.0 19.0
 259  7.0 20.0
 260  7.0 21.0
 261  7.0 22.0
 262  7.0 23.0
 263  7.0 24.0
 264  7.0 25.0
 265  7.0 26.0
 266  7.0 27.0
 267  7.0 28.0
 268  7.0 29.0
 269  7.0 30.0
 270  7.0 31.0
 271  7.0 32.0
 272  7.0 33.0
 273  7.0 34.0
 274  7.0 35.0
 275  7.0 36.0
 276  7.0 37.0
 277  7.0 38.0
 278  7.0 39.0
 279  7.0 40.0
 280  8.0 1.0
 281  8.0 2.0
 282  8.0 3.0
 283  8.0 4.0
 284  8.0 5.0
 285  8.0 6.0
 286  8.0 7.0
 287  8.0 8.0
 288  8.0 9.0
 289  8.0 10.0
 290  8.0 11.0
 291  8.0 12.0
 292  8.0 13.0
 293  8.0 14.0
 294  8.0 15.0
 295  8.0 16.0
 296  8.0 17.0
 297  8.0 18.0
 298  8.0 19.0
 299  8.0 20.0
 300  8.0 21.0
 301  8.0 22.0
 302  8.0 23.0
 303  8.0 24.0
 304  8.0 25.0
 305  8.0 26.0
 306  8.0 27.0
 307  8.0 28.0
 308  8.0 29.0
 309  8.0 30.0
 310  8.0 31.0
 311  8.0 32.0
 312  8.0 33.0
 313  8.0 34.0
 314  8.0 35.0
 315  8.0 36.0
 316  8.0 37.0
 317  8.0 38.0
 318  8.0 39.0
 319  8.0 40.0
 320  9.0 1.0
 321  9.0 2.0
 322  9.0 3.0
 323  9.0 4.0
 324  9.0 5.0
 325  9.0 6.0
 326  9.0 7.0
 327  9.0 8.0
 328  9.0 9.0
 329  9.0 10.0
 330  9.0 11.0
 331  9.0 12.0
 332  9.0 13.0
 333  9.0 14.0
 334  9.0 15.0
 335  9.0 16.0
 336  9.0 17.0
 337  9.0 18.0
 338  9.0 19.0
 339  9.0 20.0
 340  9.0 21.0
 341  9.0 22.0
 342  9.0 23.0
 343  9.0 24.0
 344  9.0 25.0
 345  9.0 26.0
 346  9.0 27.0
 347  9.0 28.0
 348  9.0 29.0
 349  9.0 30.0
 350  9.0 31.0
 351  9.0 32.0
 352  9.0 33.0
 353  9.0 34.0
 354  9.0 35.0
 355  9.0 36.0
 356  9.0 37.0
 357  9.0 38.0
 358  9.0 39.0
 359  9.0 40.0
 360  10.0 1.0
 361  10.0 2.0
 362  10.0 3.0
 363  10.0 4.0
 364  10.0 5.0
 365  10.0 6.0
 366  10.0 7.0
 367  10.0 8.0
 368  10.0 9.0
 369  10.0 10.0
 370  10.0 11.0
 371  10.0 12.0
 372  10.0 13.0
 373  10.0 14.0
 374  10.0 15.0
 375  10.0 16.0
 376  10.0 17.0
 377  10.0 18.0
 378  10.0 19.0
 379  10.0 20.0
 380  10.0 21.0
 381  10.0 22.0
 382  10.0 23.0
 383  10.0 24.0
 384  10.0 25.0
 385  10.0 26.0
 386  10.0 27.0
 387  10.0 28.0
 388  10.0 29.0
 389  10.0 30.0
 390  10.0 31.0
 391  10.0 32.0
 392  10.0 33.0
 393  10.0 34.0
 394  10.0 35.0
 395  10.0 36.0
 396  10.0 37.0
 397  10.0 38.0
 398  10.0 39.0
 399  10.0 40.0
 400  11.0 1.0
 401  11.0 2.0
 402  11.0 3.0
 403  11.0 4.0
 404  11.0 5.0
 405  11.0 6.0
 406  11.0 7.0
 407  11.0 8.0
 408  11.0 9.0
 409  11.0 10.0
 410  11.0 11.0
 411  11.0 12.0
 412  11.0 13.0
 413  11.0 14.0
 414  11.0 15.0
 415  11.0 16.0
 416  11.0 17.0
 417  11.0 18.0
 418  11.0 19.0
 419  11.0 20.0
 420  11.0 21.0
 421  11.0 22.0
 422  11.0 23.0
 423  11.0 24.0
 424  11.0 25.0
 425  11.0 26.0
 426  11.0 27.0
 427  11.0 28.0
 428  11.0 29.0
 429  11.0 30.0
 430  11.0 31.0
 431  11.0 32.0
 432  11.0 33.0
 433  11.0 34.0
 434  11.0 35.0
 435  11.0 36.0
 436  11.0 37.0
 437  11.0 38.0
 438  11.0 39.0
 439  11.0 40.0
 440  12.0 1.0
 441  12.0 2.0
 442  12.0 3.0
 443  12.0 4.0
 444  12.0 5.0
 445  12.0 6.0
 446  12.0 7.0
 447  12.0 8.0
 448  12.0 9.0
 449  12.0 10.0
 450  12.0 11.0
 451  12.0 12.0
 452  12.0 13.0
 453  12.0 14.0
 454  12.0 15.0
 455  12.0 16.0
 456  12.0 17.0
 457  12.0 18.0
 458  12.0 19.0
 459  12.0 20.0
 460  12.0 21.0
 461  12.0 22.0
 462  12.0 23.0
 463  12.0 24.0
 464  12.0 25.0
 465  12.0 26.0
 466  12.0 27.0
 467  12.0 28.0
 468  12.0 29.0
 469  12.0 30.0
 470  12.0 31.0
 471  12.0 32.0
 472  12.0 33.0
 473  12.0 34.0
 474  12.0 35.0
 475  12.0 36.0
 476  12.0 37.0
 477  12.0 38.0
 478  12.0 39.0
 479  12.0 40.0
 480  13.0 1.0
 481  13.0 2.0
 482  13.0 3.0
 483  13.0 4.0
 484  13.0 5.0
 485  13.0 6.0
 486  13.0 7.0
 487  13.0 8.0
 488  13.0 9.0
 489  13.0 10.0
 490  13.0 11.0
 491  13.0 12.0
 492  13.0 13.0
 493  13.0 14.0
 494  13.0 15.0
 495  13.0 16.0
 496  13.0 17.0
 497  13.0 18.0
 498  13.0 19.0
 499  13.0 20.0
 500  13.0 21.0
 501  13.0 22.0
 502  13.0 23.0
 503  13.0 24.0
 504  13.0 25.0
 505  13.0 26.0
 506  13.0 27.0
 507  13.0 28.0
 508  13.0 29.0
 509  13.0 30.0
 510  13.0 31.0
 511  13.0 32.0
 512  13.0 33.0
 513  13.0 34.0
 514  13.0 35.0
 515  13.0 36.0
 516  13.0 37.0
 517  13.0 38.0
 518  13.0 39.0
 519  13.0 40.0
 520  14.0 1.0
 521  14.0 2.0
 522  14.0 3.0
 523  14.0 4.0
 524  14.0 5.0
 525  14.0 6.0
 526  14.0 7.0
 527  14.0 8.0
 528  14.0 9.0
 529  14.0 10.0
 530  14.0 11.0
 531  14.0 12.0
 532  14.0 13.0
 533  14.0 14.0
 534  14.0 15.0
 535  14.0 16.0
 536  14.0 17.0
 537  14.0 18.0
 538  14.0 19.0
 539  14.0 20.0
 540  14.0 21.0
 541  14.0 22.0
 542  14.0 23.0
 543  14.0 24.0
 544  14.0 25.0
 545  14.0 26.0
 546  14.0 27.0
 547  14.0 28.0
 548  14.0 29.0
 549  14.0 30.0
 550  14.0 31.0
 551  14.0 32.0
 552  14.0 33.0
 553  14.0 34.0
 554  14.0 35.0
 555  14.0 36.0
 556  14.0 37.0
 557  14.0 38.0
 558  14.0 39.0
 559  14.0 40.0
 560  15.0 1.0
 561  15.0 2.0
 562  15.0 3.0
 563  15.0 4.0
 564  15.0 5.0
 565  15.0 6.0
 566  15.0 7.0
 567  15.0 8.0
 568  15.0 9.0
 569  15.0 10.0
 570  15.0 11.0
 571  15.0 12.0
 572  15.0 13.0
 573  15.0 14.0
 574  15.0 15.0
 575  15.0 16.0
 576  15.0 17.0
 577  15.0 18.0
 578  15.0 19.0
 579  15.0 20.0
 580  15.0 21.0
 581  15.0 22.0
 582  15.0 23.0
 583  15.0 24.0
 584  15.0 25.0
 585  15.0 26.0
 586  15.0 27.0
 587  15.0 28.0
 588  15.0 29.0
 589  15.0 30.0
 590  15.0 31.0
 591  15.0 32.0
 592  15.0 33.0
 593  15.0 34.0
 594  15.0 35.0
 595  15.0 36.0
 596  15.0 37.0
 597  15.0 38.0
 598  15.0 39.0
 599  15.0 40.0
 600  16.0 1.0
 601  16.0 2.0
 602  16.0 3.0
 603  16.0 4.0
 604  16.0 5.0
 605  16.0 6.0
 606  16.0 7.0
 607  16.0 8.0
 608  16.0 9.0
 609  16.0 10.0
 610  16.0 11.0
 611  16.0 12.0
 612  16.0 13.0
 613  16.0 14.0
 614  16.0 15.0
 615  16.0 16.0
 616  16.0 17.0
 617  16.0 18.0
 618  16.0 19.0
 619  16.0 20.0
 620  16.0 21.0
 621  16.0 22.0
 622  16.0 23.0
 623  16.0 24.0
 624  16.0 25.0
 625  16.0 26.0
 626  16.0 27.0
 627  16.0 28.0
 628  16.0 29.0
 629  16.0 30.0
 630  16.0 31.0
 631  16.0 32.0
 632  16.0 33.0
 633  16.0 34.0
 634  16.0 35.0
 635  16.0 36.0
 636  16.0 37.0
 637  16.0 38.0
 638  16.0 39.0
 639  16.0 40.0
 640  17.0 1.0
 641  17.0 2.0
 642  17.0 3.0
 643  17.0 4.0
 644  17.0 5.0
 645  17.0 6.0
 646  17.0 7.0
 647  17.0 8.0
 648  17.0 9.0
 649  17.0 10.0
 650  17.0 11.0
 651  17.0 12.0
 652  17.0 13.0
 653  17.0 14.0
 654  17.0 15.0
 655  17.0 16.0
 656  17.0 17.0
 657  17.0 18.0
 658  17.0 19.0
 659  17.0 20.0
 660  17.0 21.0
 661  17.0 22.0
 662  17.0 23.0
 663  17.0 24.0
 664  17.0 25.0
 665  17.0 26.0
 666  17.0 27.0
 667  17.0 28.0
 668  17.0 29.0
 669  17.0 30.0
 670  17.0 31.0
 671  17.0 32.0
 672  17.0 33.0
 673  17.0 34.0
 674  17.0 35.0
 675  17.0 36.0
 676  17.0 37.0
 677  17.0 38.0
 678  17.0 39.0
 679  17.0 40.0
 680  18.0 1.0
 681  18.0 2.0
 682  18.0 3.0
 683  18.0 4.0
 684  18.0 5.0
 685  18.0 6.0
 686  18.0 7.0
 687  18.0 8.0
 688  18.0 9.0
 689  18.0 10.0
 690  18.0 11.0
 691  18.0 12.0
 692  18.0 13.0
 693  18.0 14.0
 694  18.0 15.0
 695  18.0 16.0
 696  18.0 17.0
 697  18.0 18.0
 698  18.0 19.0
 699  18.0 20.0
 700  18.0 21.0
 701  18.0 22.0
 702  18.0 23.0
 703  18.0 24.0
 704  18.0 25.0
 705  18.0 26.0
 706  18.0 27.0
 707  18.0 28.0
 708  18.0 29.0
 709  18.0 30.0
 710  18.0 31.0
 711  18.0 32.0
 712  18.0 33.0
 713  18.0 34.0
 714  18.0 35.0
 715  18.0 36.0
 716  18.0 37.0
 717  18.0 38.0
 718  18.0 39.0
 719  18.0 40.0
 720  19.0 1.0
 721  19.0 2.0
 722  19.0 3.0
 723  19.0 4.0
 724  19.0 5.0
 725  19.0 6.0
 726  19.0 7.0
 727  19.0 8.0
 728  19.0 9.0
 729  19.0 10.0
 730  19.0 11.0
 731  19.0 12.0
 732  19.0 13.0
 733  19.0 14.0
 734  19.0 15.0
 735  19.0 16.0
 736  19.0 17.0
 737  19.0 18.0
 738  19.0 19.0
 739  19.0 20.0
 740  19.0 21.0
 741  19.0 22.0
 742  19.0 23.0
 743  19.0 24.0
 744  19.0 25.0
 745  19.0 26.0
 746  19.0 27.0
 747  19.0 28.0
 748  19.0 29.0
 749  19.0 30.0
 750  19.0 31.0
 751  19.0 32.0
 752  19.0 33.0
 753  19.0 34.0
 754  19.0 35.0
 755  19.0 36.0
 756  19.0 37.0
 757  19.0 38.0
 758  19.0 39.0
 759  19.0 40.0
 760  20.0 1.0
 761  20.0 2.0
 762  20.0 3.0
 763  20.0 4.0
 764  20.0 5.0
 765  20.0 6.0
 766  20.0 7.0
 767  20.0 8.0
 768  20.0 9.0
 769  20.0 10.0
 770  20.0 11.0
 771  20.0 12.0
 772  20.0 13.0
 773  20.0 14.0
 774  20.0 15.0
 775  20.0 16.0
 776  20.0 17.0
 777  20.0 18.0
 778  20.0 19.0
 779  20.0 20.0
 780  20.0 21.0
 781  20.0 22.0
 782  20.0 23.0
 783  20.0 24.0
 784  20.0 25.0
 785  20.0 26.0
 786  20.0 27.0
 787  20.0 28.0
 788  20.0 29.0
 789  20.0 30.0
 790  20.0 31.0
 791  20.0 32.0
 792  20.0 33.0
 793  20.0 34.0
 794  20.0 35.0
 795  20.0 36.0
 796  20.0 37.0
 797  20.0 38.0
 798  20.0 39.0
 799  20.0 40.0
 800  21.0 1.0
 801  21.0 2.0
 802  21.0 3.0
 803  21.0 4.0
 804  21.0 5.0
 805  21.0 6.0
 806  21.0 7.0
 807  21.0 8.0
 808  21.0 9.0
 809  21.0 10.0
 810  21.0 11.0
 811  21.0 12.0
 812  21.0 13.0
 813  21.0 14.0
 814  21.0 15.0
 815  21.0 16.0
 816  21.0 17.0
 817  21.0 18.0
 818  21.0 19.0
 819  21.0 20.0
 820  21.0 21.0
 821  21.0 22.0
 822  21.0 23.0
 823  21.0 24.0
 824  21.0 25.0
 825  21.0 26.0
 826  21.0 27.0
 827  21.0 28.0
 828  21.0 29.0
 829  21.0 30.0
 830  21.0 31.0
 831  21.0 32.0
 832  21.0 33.0
 833  21.0 34.0
 834  21.0 35.0
 835  21.0 36.0
 836  21.0 37.0
 837  21.0 38.0
 838  21.0 39.0
 839  21.0 40.0
 840  22.0 1.0
 841  22.0 2.0
 842  22.0 3.0
 843  22.0 4.0
 844  22.0 5.0
 845  22.0 6.0
 846  22.0 7.0
 847  22.0 8.0
 848  22.0 9.0
 849  22.0 10.0
 850  22.0 11.0
 851  22.0 12.0
 852  22.0 13.0
 853  22.0 14.0
 854  22.0 15.0
 855  22.0 16.0
 856  22.0 17.0
 857  22.0 18.0
 858  22.0 19.0
 859  22.0 20.0
 860  22.0 21.0
 861  22.0 22.0
 862  22.0 23.0
 863  22.0 24.0
 864  22.0 25.0
 865  22.0 26.0
 866  22.0 27.0
 867  22.0 28.0
 868  22.0 29.0
 869  22.0 30.0
 870  22.0 31.0
 871  22.0 32.0
 872  22.0 33.0
 873  22.0 34.0
 874  22.0 35.0
 875  22.0 36.0
 876  22.0 37.0
 877  22.0 38.0
 878  22.0 39.0
 879  22.0 40.0
 880  23.0 1.0
 881  23.0 2.0
 882  23.0 3.0
 883  23.0 4.0
 884  23.0 5.0
 885  23.0 6.0
 886  23.0 7.0
 887  23.0 8.0
 888  23.0 9.0
 889  23.0 10.0
 890  23.0 11.0
 891  23.0 12.0
 892  23.0 13.0
 893  23.0 14.0
 894  23.0 15.0
 895  23.0 16.0
 896  23.0 17.0
 897  23.0 18.0
 898  23.0 19.0
 899  23.0 20.0
 900  23.0 21.0
 901  23.0 22.0
 902  23.0 23.0
 903  23.0 24.0
 904  23.0 25.0
 905  23.0 26.0
 906  23.0 27.0
 907  23.0 28.0
 908  23.0 29.0
 909  23.0 30.0
 910  23.0 31.0
 911  23.0 32.0
 912  23.0 33.0
 913  23.0 34.0
 914  23.0 35.0
 915  23.0 36.0
 916  23.0 37.0
 917  23.0 38.0
 918  23.0 39.0
 919  23.0 40.0
 920  24.0 1.0
 921  24.0 2.0
 922  24.0 3.0
 923  24.0 4.0
 924  24.0 5.0
 925  24.0 6.0
 926  24.0 7.0
 927  24.0 8.0
 928  24.0 9.0
 929  24.0 10.0
 930  24.0 11.0
 931  24.0 12.0
 932  24.0 13.0
 933  24.0 14.0
 934  24.0 15.0
 935  24.0 16.0
 936  24.0 17.0
 937  24.0 18.0
 938  24.0 19.0
 939  24.0 20.0
 940  24.0 21.0
 941  24.0 22.0
 942  24.0 23.0
 943  24.0 24.0
 944  24.0 25.0
 945  24.0 26.0
 946  24.0 27.0
 947  24.0 28.0
 948  24.0 29.0
 949  24.0 30.0
 950  24.0 31.0
 951  24.0 32.0
 952  24.0 33.0
 953  24.0 34.0
 954  24.0 35.0
 955  24.0 36.0
 956  24.0 37.0
 957  24.0 38.0
 958  24.0 39.0
 959  24.0 40.0
 960  25.0 1.0
 961  25.0 2.0
 962  25.0 3.0
 963  25.0 4.0
 964  25.0 5.0
 965  25.0 6.0
 966  25.0 7.0
 967  25.0 8.0
 968  25.0 9.0
 969  25.0 10.0
 970  25.0 11.0
 971  25.0 12.0
 972  25.0 13.0
 973  25.0 14.0
 974  25.0 15.0
 975  25.0 16.0
 976  25.0 17.0
 977  25.0 18.0
 978  25.0 19.0
 979  25.0 20.0
 980  25.0 21.0
 981  25.0 22.0
 982  25.0 23.0
 983  25.0 24.0
 984  25.0 25.0
 985  25.0 26.0
 986  25.0 27.0
 987  25.0 28.0
 988  25.0 29.0
 989  25.0 30.0
 990  25.0 31.0
 991  25.0 32.0
 992  25.0 33.0
 993  25.0 34.0
 994  25.0 35.0
 995  25.0 36.0
 996  25.0 37.0
 997  25.0 38.0
 998  25.0 39.0
 999  25.0 40.0
 1000  26.0 1.0
 1001  26.0 2.0
 1002  26.0 3.0
 1003  26.0 4.0
 1004  26.0 5.0
 1005  26.0 6.0
 1006  26.0 7.0
 1007  26.0 8.0
 1008  26.0 9.0
 1009  26.0 10.0
 1010  26.0 11.0
 1011  26.0 12.0
 1012  26.0 13.0
 1013  26.0 14.0
 1014  26.0 15.0
 1015  26.0 16.0
 1016  26.0 17.0
 1017  26.0 18.0
 1018  26.0 19.0
 1019  26.0 20.0
 1020  26.0 21.0
 1021  26.0 22.0
 1022  26.0 23.0
 1023  26.0 24.0
 1024  26.0 25.0
 1025  26.0 26.0
 1026  26.0 27.0
 1027  26.0 28.0
 1028  26.0 29.0
 1029  26.0 30.0
 1030  26.0 31.0
 1031  26.0 32.0
 1032  26.0 33.0
 1033  26.0 34.0
 1034  26.0 35.0
 1035  26.0 36.0
 1036  26.0 37.0
 1037  26.0 38.0
 1038  26.0 39.0
 1039  26.0 40.0
 1040  27.0 1.0
 1041  27.0 2.0
 1042  27.0 3.0
 1043  27.0 4.0
 1044  27.0 5.0
 1045  27.0 6.0
 1046  27.0 7.0
 1047  27.0 8.0
 1048  27.0 9.0
 1049  27.0 10.0
 1050  27.0 11.0
 1051  27.0 12.0
 1052  27.0 13.0
 1053  27.0 14.0
 1054  27.0 15.0
 1055  27.0 16.0
 1056  27.0 17.0
 1057  27.0 18.0
 1058  27.0 19.0
 1059  27.0 20.0
 1060  27.0 21.0
 1061  27.0 22.0
 1062  27.0 23.0
 1063  27.0 24.0
 1064  27.0 25.0
 1065  27.0 26.0
 1066  27.0 27.0
 1067  27.0 28.0
 1068  27.0 29.0
 1069  27.0 30.0
 1070  27.0 31.0
 1071  27.0 32.0
 1072  27.0 33.0
 1073  27.0 34.0
 1074  27.0 35.0
 1075  27.0 36.0
 1076  27.0 37.0
 1077  27.0 38.0
 1078  27.0 39.0
 1079  27.0 40.0
 1080  28.0 1.0
 1081  28.0 2.0
 1082  28.0 3.0
 1083  28.0 4.0
 1084  28.0 5.0
 1085  28.0 6.0
 1086  28.0 7.0
 1087  28.0 8.0
 1088  28.0 9.0
 1089  28.0 10.0
 1090  28.0 11.0
 1091  28.0 12.0
 1092  28.0 13.0
 1093  28.0 14.0
 1094  28.0 15.0
 1095  28.0 16.0
 1096  28.0 17.0
 1097  28.0 18.0
 1098  28.0 19.0
 1099  28.0 20.0
 1100  28.0 21.0
 1101  28.0 22.0
 1102  28.0 23.0
 1103  28.0 24.0
 1104  28.0 25.0
 1105  28.0 26.0
 1106  28.0 27.0
 1107  28.0 28.0
 1108  28.0 29.0
 1109  28.0 30.0
 1110  28.0 31.0
 1111  28.0 32.0
 1112  28.0 33.0
 1113  28.0 34.0
 1114  28.0 35.0
 1115  28.0 36.0
 1116  28.0 37.0
 1117  28.0 38.0
 1118  28.0 39.0
 1119  28.0 40.0
 1120  29.0 1.0
 1121  29.0 2.0
 1122  29.0 3.0
 1123  29.0 4.0
 1124  29.0 5.0
 1125  29.0 6.0
 1126  29.0 7.0
 1127  29.0 8.0
 1128  29.0 9.0
 1129  29.0 10.0
 1130  29.0 11.0
 1131  29.0 12.0
 1132  29.0 13.0
 1133  29.0 14.0
 1134  29.0 15.0
 1135  29.0 16.0
 1136  29.0 17.0
 1137  29.0 18.0
 1138  29.0 19.0
 1139  29.0 20.0
 1140  29.0 21.0
 1141  29.0 22.0
 1142  29.0 23.0
 1143  29.0 24.0
 1144  29.0 25.0
 1145  29.0 26.0
 1146  29.0 27.0
 1147  29.0 28.0
 1148  29.0 29.0
 1149  29.0 30.0
 1150  29.0 31.0
 1151  29.0 32.0
 1152  29.0 33.0
 1153  29.0 34.0
 1154  29.0 35.0
 1155  29.0 36.0
 1156  29.0 37.0
 1157  29.0 38.0
 1158  29.0 39.0
 1159  29.0 40.0
 1160  30.0 1.0
 1161  30.0 2.0
 1162  30.0 3.0
 1163  30.0 4.0
 1164  30.0 5.0
 1165  30.0 6.0
 1166  30.0 7.0
 1167  30.0 8.0
 1168  30.0 9.0
 1169  30.0 10.0
 1170  30.0 11.0
 1171  30.0 12.0
 1172  30.0 13.0
 1173  30.0 14.0
 1174  30.0 15.0
 1175  30.0 16.0
 1176  30.0 17.0
 1177  30.0 18.0
 1178  30.0 19.0
 1179  30.0 20.0
 1180  30.0 21.0
 1181  30.0 22.0
 1182  30.0 23.0
 1183  30.0 24.0
 1184  30.0 25.0
 1185  30.0 26.0
 1186  30.0 27.0
 1187  30.0 28.0
 1188  30.0 29.0
 1189  30.0 30.0
 1190  30.0 31.0
 1191  30.0 32.0
 1192  30.0 33.0
 1193  30.0 34.0
 1194  30.0 35.0
 1195  30.0 36.0
 1196  30.0 37.0
 1197  30.0 38.0
 1198  30.0 39.0
 1199  30.0 40.0
 1200  31.0 1.0
 1201  31.0 2.0
 1202  31.0 3.0
 1203  31.0 4.0
 1204  31.0 5.0
 1205  31.0 6.0
 1206  31.0 7.0
 1207  31.0 8.0
 1208  31.0 9.0
 1209  31.0 10.0
 1210  31.0 11.0
 1211  31.0 12.0
 1212  31.0 13.0
 1213  31.0 14.0
 1214  31.0 15.0
 1215  31.0 16.0
 1216  31.0 17.0
 1217  31.0 18.0
 1218  31.0 19.0
 1219  31.0 20.0
 1220  31.0 21.0
 1221  31.0 22.0
 1222  31.0 23.0
 1223  31.0 24.0
 1224  31.0 25.0
 1225  31.0 26.0
 1226  31.0 27.0
 1227  31.0 28.0
 1228  31.0 29.0
 1229  31.0 30.0
 1230  31.0 31.0
 1231  31.0 32.0
 1232  31.0 33.0
 1233  31.0 34.0
 1234  31.0 35.0
 1235  31.0 36.0
 1236  31.0 37.0
 1237  31.0 38.0
 1238  31.0 39.0
 1239  31.0 40.0
 1240  32.0 1.0
 1241  32.0 2.0
 1242  32.0 3.0
 1243  32.0 4.0
 1244  32.0 5.0
 1245  32.0 6.0
 1246  32.0 7.0
 1247  32.0 8.0
 1248  32.0 9.0
 1249  32.0 10.0
 1250  32.0 11.0
 1251  32.0 12.0
 1252  32.0 13.0
 1253  32.0 14.0
 1254  32.0 15.0
 1255  32.0 16.0
 1256  32.0 17.0
 1257  32.0 18.0
 1258  32.0 19.0
 1259  32.0 20.0
 1260  32.0 21.0
 1261  32.0 22.0
 1262  32.0 23.0
 1263  32.0 24.0
 1264  32.0 25.0
 1265  32.0 26.0
 1266  32.0 27.0
 1267  32.0 28.0
 1268  32.0 29.0
 1269  32.0 30.0
 1270  32.0 31.0
 1271  32.0 32.0
 1272  32.0 33.0
 1273  32.0 34.0
 1274  32.0 35.0
 1275  32.0 36.0
 1276  32.0 37.0
 1277  32.0 38.0
 1278  32.0 39.0
 1279  32.0 40.0
 1280  33.0 1.0
 1281  33.0 2.0
 1282  33.0 3.0
 1283  33.0 4.0
 1284  33.0 5.0
 1285  33.0 6.0
 1286  33.0 7.0
 1287  33.0 8.0
 1288  33.0 9.0
 1289  33.0 10.0
 1290  33.0 11.0
 1291  33.0 12.0
 1292  33.0 13.0
 1293  33.0 14.0
 1294  33.0 15.0
 1295  33.0 16.0
 1296  33.0 17.0
 1297  33.0 18.0
 1298  33.0 19.0
 1299  33.0 20.0
 1300  33.0 21.0
 1301  33.0 22.0
 1302  33.0 23.0
 1303  33.0 24.0
 1304  33.0 25.0
 1305  33.0 26.0
 1306  33.0 27.0
 1307  33.0 28.0
 1308  33.0 29.0
 1309  33.0 30.0
 1310  33.0 31.0
 1311  33.0 32.0
 1312  33.0 33.0
 1313  33.0 34.0
 1314  33.0 35.0
 1315  33.0 36.0
 1316  33.0 37.0
 1317  33.0 38.0
 1318  33.0 39.0
 1319  33.0 40.0
 1320  34.0 1.0
 1321  34.0 2.0
 1322  34.0 3.0
 1323  34.0 4.0
 1324  34.0 5.0
 1325  34.0 6.0
 1326  34.0 7.0
 1327  34.0 8.0
 1328  34.0 9.0
 1329  34.0 10.0
 1330  34.0 11.0
 1331  34.0 12.0
 1332  34.0 13.0
 1333  34.0 14.0
 1334  34.0 15.0
 1335  34.0 16.0
 1336  34.0 17.0
 1337  34.0 18.0
 1338  34.0 19.0
 1339  34.0 20.0
 1340  34.0 21.0
 1341  34.0 22.0
 1342  34.0 23.0
 1343  34.0 24.0
 1344  34.0 25.0
 1345  34.0 26.0
 1346  34.0 27.0
 1347  34.0 28.0
 1348  34.0 29.0
 1349  34.0 30.0
 1350  34.0 31.0
 1351  34.0 32.0
 1352  34.0 33.0
 1353  34.0 34.0
 1354  34.0 35.0
 1355  34.0 36.0
 1356  34.0 37.0
 1357  34.0 38.0
 1358  34.0 39.0
 1359  34.0 40.0
 1360  35.0 1.0
 1361  35.0 2.0
 1362  35.0 3.0
 1363  35.0 4.0
 1364  35.0 5.0
 1365  35.0 6.0
 1366  35.0 7.0
 1367  35.0 8.0
 1368  35.0 9.0
 1369  35.0 10.0
 1370  35.0 11.0
 1371  35.0 12.0
 1372  35.0 13.0
 1373  35.0 14.0
 1374  35.0 15.0
 1375  35.0 16.0
 1376  35.0 17.0
 1377  35.0 18.0
 1378  35.0 19.0
 1379  35.0 20.0
 1380  35.0 21.0
 1381  35.0 22.0
 1382  35.0 23.0
 1383  35.0 24.0
 1384  35.0 25.0
 1385  35.0 26.0
 1386  35.0 27.0
 1387  35.0 28.0
 1388  35.0 29.0
 1389  35.0 30.0
 1390  35.0 31.0
 1391  35.0 32.0
 1392  35.0 33.0
 1393  35.0 34.0
 1394  35.0 35.0
 1395  35.0 36.0
 1396  35.0 37.0
 1397  35.0 38.0
 1398  35.0 39.0
 1399  35.0 40.0
 1400  36.0 1.0
 1401  36.0 2.0
 1402  36.0 3.0
 1403  36.0 4.0
 1404  36.0 5.0
 1405  36.0 6.0
 1406  36.0 7.0
 1407  36.0 8.0
 1408  36.0 9.0
 1409  36.0 10.0
 1410  36.0 11.0
 1411  36.0 12.0
 1412  36.0 13.0
 1413  36.0 14.0
 1414  36.0 15.0
 1415  36.0 16.0
 1416  36.0 17.0
 1417  36.0 18.0
 1418  36.0 19.0
 1419  36.0 20.0
 1420  36.0 21.0
 1421  36.0 22.0
 1422  36.0 23.0
 1423  36.0 24.0
 1424  36.0 25.0
 1425  36.0 26.0
 1426  36.0 27.0
 1427  36.0 28.0
 1428  36.0 29.0
 1429  36.0 30.0
 1430  36.0 31.0
 1431  36.0 32.0
 1432  36.0 33.0
 1433  36.0 34.0
 1434  36.0 35.0
 1435  36.0 36.0
 1436  36.0 37.0
 1437  36.0 38.0
 1438  36.0 39.0
 1439  36.0 40.0
 1440  37.0 1.0
 1441  37.0 2.0
 1442  37.0 3.0
 1443  37.0 4.0
 1444  37.0 5.0
 1445  37.0 6.0
 1446  37.0 7.0
 1447  37.0 8.0
 1448  37.0 9.0
 1449  37.0 10.0
 1450  37.0 11.0
 1451  37.0 12.0
 1452  37.0 13.0
 1453  37.0 14.0
 1454  37.0 15.0
 1455  37.0 16.0
 1456  37.0 17.0
 1457  37.0 18.0
 1458  37.0 19.0
 1459  37.0 20.0
 1460  37.0 21.0
 1461  37.0 22.0
 1462  37.0 23.0
 1463  37.0 24.0
 1464  37.0 25.0
 1465  37.0 26.0
 1466  37.0 27.0
 1467  37.0 28.0
 1468  37.0 29.0
 1469  37.0 30.0
 1470  37.0 31.0
 1471  37.0 32.0
 1472  37.0 33.0
 1473  37.0 34.0
 1474  37.0 35.0
 1475  37.0 36.0
 1476  37.0 37.0
 1477  37.0 38.0
 1478  37.0 39.0
 1479  37.0 40.0
 1480  38.0 1.0
 1481  38.0 2.0
 1482  38.0 3.0
 1483  38.0 4.0
 1484  38.0 5.0
 1485  38.0 6.0
 1486  38.0 7.0
 1487  38.0 8.0
 1488  38.0 9.0
 1489  38.0 10.0
 1490  38.0 11.0
 1491  38.0 12.0
 1492  38.0 13.0
 1493  38.0 14.0
 1494  38.0 15.0
 1495  38.0 16.0
 1496  38.0 17.0
 1497  38.0 18.0
 1498  38.0 19.0
 1499  38.0 20.0
 1500  38.0 21.0
 1501  38.0 22.0
 1502  38.0 23.0
 1503  38.0 24.0
 1504  38.0 25.0
 1505  38.0 26.0
 1506  38.0 27.0
 1507  38.0 28.0
 1508  38.0 29.0
 1509  38.0 30.0
 1510  38.0 31.0
 1511  38.0 32.0
 1512  38.0 33.0
 1513  38.0 34.0
 1514  38.0 35.0
 1515  38.0 36.0
 1516  38.0 37.0
 1517  38.0 38.0
 1518  38.0 39.0
 1519  38.0 40.0
 1520  39.0 1.0
 1521  39.0 2.0
 1522  39.0 3.0
 1523  39.0 4.0
 1524  39.0 5.0
 1525  39.0 6.0
 1526  39.0 7.0
 1527  39.0 8.0
 1528  39.0 9.0
 1529  39.0 10.0
 1530  39.0 11.0
 1531  39.0 12.0
 1532  39.0 13.0
 1533  39.0 14.0
 1534  39.0 15.0
 1535  39.0 16.0
 1536  39.0 17.0
 1537  39.0 18.0
 1538  39.0 19.0
 1539  39.0 20.0
 1540  39.0 21.0
 1541  39.0 22.0
 1542  39.0 23.0
 1543  39.0 24.0
 1544  39.0 25.0
 1545  39.0 26.0
 1546  39.0 27.0
 1547  39.0 28.0
 1548  39.0 29.0
 1549  39.0 30.0
 1550  39.0 31.0
 1551  39.0 32.0
 1552  39.0 33.0
 1553  39.0 34.0
 1554  39.0 35.0
 1555  39.0 36.0
 1556  39.0 37.0
 1557  39.0 38.0
 1558  39.0 39.0
 1559  39.0 40.0
 1560  40.0 1.0
 1561  40.0 2.0
 1562  40.0 3.0
 1563  40.0 4.0
 1564  40.0 5.0
 1565  40.0 6.0
 1566  40.0 7.0
 1567  40.0 8.0
 1568  40.0 9.0
 1569  40.0 10.0
 1570  40.0 11.0
 1571  40.0 12.0
 1572  40.0 13.0
 1573  40.0 14.0
 1574  40.0 15.0
 1575  40.0 16.0
 1576  40.0 17.0
 1577  40.0 18.0
 1578  40.0 19.0
 1579  40.0 20.0
 1580  40.0 21.0
 1581  40.0 22.0
 1582  40.0 23.0
 1583  40.0 24.0
 1584  40.0 25.0
 1585  40.0 26.0
 1586  40.0 27.0
 1587  40.0 28.0
 1588  40.0 29.0
 1589  40.0 30.0
 1590  40.0 31.0
 1591  40.0 32.0
 1592  40.0 33.0
 1593  40.0 34.0
 1594  40.0 35.0
 1595  40.0 36.0
 1596  40.0 37.0
 1597  40.0 38.0
 1598  40.0 39.0
 1599  40.0 40.0
