 0  1.0 1.0
 1  1.0 2.0
 2  1.0 3.0
 3  1.0 4.0
 4  1.0 5.0
 5  1.0 6.0
 6  1.0 7.0
 7  1.0 8.0
 8  1.0 9.0
 9  1.0 10.0
 10  1.0 11.0
 11  1.0 12.0
 12  1.0 13.0
 13  1.0 14.0
 14  1.0 15.0
 15  1.0 16.0
 16  1.0 17.0
 17  1.0 18.0
 18  1.0 19.0
 19  1.0 20.0
 20  1.0 21.0
 21  1.0 22.0
 22  1.0 23.0
 23  1.0 24.0
 24  1.0 25.0
 25  2.0 1.0
 26  2.0 2.0
 27  2.0 3.0
 28  2.0 4.0
 29  2.0 5.0
 30  2.0 6.0
 31  2.0 7.0
 32  2.0 8.0
 33  2.0 9.0
 34  2.0 10.0
 35  2.0 11.0
 36  2.0 12.0
 37  2.0 13.0
 38  2.0 14.0
 39  2.0 15.0
 40  2.0 16.0
 41  2.0 17.0
 42  2.0 18.0
 43  2.0 19.0
 44  2.0 20.0
 45  2.0 21.0
 46  2.0 22.0
 47  2.0 23.0
 48  2.0 24.0
 49  2.0 25.0
 50  3.0 1.0
 51  3.0 2.0
 52  3.0 3.0
 53  3.0 4.0
 54  3.0 5.0
 55  3.0 6.0
 56  3.0 7.0
 57  3.0 8.0
 58  3.0 9.0
 59  3.0 10.0
 60  3.0 11.0
 61  3.0 12.0
 62  3.0 13.0
 63  3.0 14.0
 64  3.0 15.0
 65  3.0 16.0
 66  3.0 17.0
 67  3.0 18.0
 68  3.0 19.0
 69  3.0 20.0
 70  3.0 21.0
 71  3.0 22.0
 72  3.0 23.0
 73  3.0 24.0
 74  3.0 25.0
 75  4.0 1.0
 76  4.0 2.0
 77  4.0 3.0
 78  4.0 4.0
 79  4.0 5.0
 80  4.0 6.0
 81  4.0 7.0
 82  4.0 8.0
 83  4.0 9.0
 84  4.0 10.0
 85  4.0 11.0
 86  4.0 12.0
 87  4.0 13.0
 88  4.0 14.0
 89  4.0 15.0
 90  4.0 16.0
 91  4.0 17.0
 92  4.0 18.0
 93  4.0 19.0
 94  4.0 20.0
 95  4.0 21.0
 96  4.0 22.0
 97  4.0 23.0
 98  4.0 24.0
 99  4.0 25.0
 100  5.0 1.0
 101  5.0 2.0
 102  5.0 3.0
 103  5.0 4.0
 104  5.0 5.0
 105  5.0 6.0
 106  5.0 7.0
 107  5.0 8.0
 108  5.0 9.0
 109  5.0 10.0
 110  5.0 11.0
 111  5.0 12.0
 112  5.0 13.0
 113  5.0 14.0
 114  5.0 15.0
 115  5.0 16.0
 116  5.0 17.0
 117  5.0 18.0
 118  5.0 19.0
 119  5.0 20.0
 120  5.0 21.0
 121  5.0 22.0
 122  5.0 23.0
 123  5.0 24.0
 124  5.0 25.0
 125  6.0 1.0
 126  6.0 2.0
 127  6.0 3.0
 128  6.0 4.0
 129  6.0 5.0
 130  6.0 6.0
 131  6.0 7.0
 132  6.0 8.0
 133  6.0 9.0
 134  6.0 10.0
 135  6.0 11.0
 136  6.0 12.0
 137  6.0 13.0
 138  6.0 14.0
 139  6.0 15.0
 140  6.0 16.0
 141  6.0 17.0
 142  6.0 18.0
 143  6.0 19.0
 144  6.0 20.0
 145  6.0 21.0
 146  6.0 22.0
 147  6.0 23.0
 148  6.0 24.0
 149  6.0 25.0
 150  7.0 1.0
 151  7.0 2.0
 152  7.0 3.0
 153  7.0 4.0
 154  7.0 5.0
 155  7.0 6.0
 156  7.0 7.0
 157  7.0 8.0
 158  7.0 9.0
 159  7.0 10.0
 160  7.0 11.0
 161  7.0 12.0
 162  7.0 13.0
 163  7.0 14.0
 164  7.0 15.0
 165  7.0 16.0
 166  7.0 17.0
 167  7.0 18.0
 168  7.0 19.0
 169  7.0 20.0
 170  7.0 21.0
 171  7.0 22.0
 172  7.0 23.0
 173  7.0 24.0
 174  7.0 25.0
 175  8.0 1.0
 176  8.0 2.0
 177  8.0 3.0
 178  8.0 4.0
 179  8.0 5.0
 180  8.0 6.0
 181  8.0 7.0
 182  8.0 8.0
 183  8.0 9.0
 184  8.0 10.0
 185  8.0 11.0
 186  8.0 12.0
 187  8.0 13.0
 188  8.0 14.0
 189  8.0 15.0
 190  8.0 16.0
 191  8.0 17.0
 192  8.0 18.0
 193  8.0 19.0
 194  8.0 20.0
 195  8.0 21.0
 196  8.0 22.0
 197  8.0 23.0
 198  8.0 24.0
 199  8.0 25.0
 200  9.0 1.0
 201  9.0 2.0
 202  9.0 3.0
 203  9.0 4.0
 204  9.0 5.0
 205  9.0 6.0
 206  9.0 7.0
 207  9.0 8.0
 208  9.0 9.0
 209  9.0 10.0
 210  9.0 11.0
 211  9.0 12.0
 212  9.0 13.0
 213  9.0 14.0
 214  9.0 15.0
 215  9.0 16.0
 216  9.0 17.0
 217  9.0 18.0
 218  9.0 19.0
 219  9.0 20.0
 220  9.0 21.0
 221  9.0 22.0
 222  9.0 23.0
 223  9.0 24.0
 224  9.0 25.0
 225  10.0 1.0
 226  10.0 2.0
 227  10.0 3.0
 228  10.0 4.0
 229  10.0 5.0
 230  10.0 6.0
 231  10.0 7.0
 232  10.0 8.0
 233  10.0 9.0
 234  10.0 10.0
 235  10.0 11.0
 236  10.0 12.0
 237  10.0 13.0
 238  10.0 14.0
 239  10.0 15.0
 240  10.0 16.0
 241  10.0 17.0
 242  10.0 18.0
 243  10.0 19.0
 244  10.0 20.0
 245  10.0 21.0
 246  10.0 22.0
 247  10.0 23.0
 248  10.0 24.0
 249  10.0 25.0
 250  11.0 1.0
 251  11.0 2.0
 252  11.0 3.0
 253  11.0 4.0
 254  11.0 5.0
 255  11.0 6.0
 256  11.0 7.0
 257  11.0 8.0
 258  11.0 9.0
 259  11.0 10.0
 260  11.0 11.0
 261  11.0 12.0
 262  11.0 13.0
 263  11.0 14.0
 264  11.0 15.0
 265  11.0 16.0
 266  11.0 17.0
 267  11.0 18.0
 268  11.0 19.0
 269  11.0 20.0
 270  11.0 21.0
 271  11.0 22.0
 272  11.0 23.0
 273  11.0 24.0
 274  11.0 25.0
 275  12.0 1.0
 276  12.0 2.0
 277  12.0 3.0
 278  12.0 4.0
 279  12.0 5.0
 280  12.0 6.0
 281  12.0 7.0
 282  12.0 8.0
 283  12.0 9.0
 284  12.0 10.0
 285  12.0 11.0
 286  12.0 12.0
 287  12.0 13.0
 288  12.0 14.0
 289  12.0 15.0
 290  12.0 16.0
 291  12.0 17.0
 292  12.0 18.0
 293  12.0 19.0
 294  12.0 20.0
 295  12.0 21.0
 296  12.0 22.0
 297  12.0 23.0
 298  12.0 24.0
 299  12.0 25.0
 300  13.0 1.0
 301  13.0 2.0
 302  13.0 3.0
 303  13.0 4.0
 304  13.0 5.0
 305  13.0 6.0
 306  13.0 7.0
 307  13.0 8.0
 308  13.0 9.0
 309  13.0 10.0
 310  13.0 11.0
 311  13.0 12.0
 312  13.0 13.0
 313  13.0 14.0
 314  13.0 15.0
 315  13.0 16.0
 316  13.0 17.0
 317  13.0 18.0
 318  13.0 19.0
 319  13.0 20.0
 320  13.0 21.0
 321  13.0 22.0
 322  13.0 23.0
 323  13.0 24.0
 324  13.0 25.0
 325  14.0 1.0
 326  14.0 2.0
 327  14.0 3.0
 328  14.0 4.0
 329  14.0 5.0
 330  14.0 6.0
 331  14.0 7.0
 332  14.0 8.0
 333  14.0 9.0
 334  14.0 10.0
 335  14.0 11.0
 336  14.0 12.0
 337  14.0 13.0
 338  14.0 14.0
 339  14.0 15.0
 340  14.0 16.0
 341  14.0 17.0
 342  14.0 18.0
 343  14.0 19.0
 344  14.0 20.0
 345  14.0 21.0
 346  14.0 22.0
 347  14.0 23.0
 348  14.0 24.0
 349  14.0 25.0
 350  15.0 1.0
 351  15.0 2.0
 352  15.0 3.0
 353  15.0 4.0
 354  15.0 5.0
 355  15.0 6.0
 356  15.0 7.0
 357  15.0 8.0
 358  15.0 9.0
 359  15.0 10.0
 360  15.0 11.0
 361  15.0 12.0
 362  15.0 13.0
 363  15.0 14.0
 364  15.0 15.0
 365  15.0 16.0
 366  15.0 17.0
 367  15.0 18.0
 368  15.0 19.0
 369  15.0 20.0
 370  15.0 21.0
 371  15.0 22.0
 372  15.0 23.0
 373  15.0 24.0
 374  15.0 25.0
 375  16.0 1.0
 376  16.0 2.0
 377  16.0 3.0
 378  16.0 4.0
 379  16.0 5.0
 380  16.0 6.0
 381  16.0 7.0
 382  16.0 8.0
 383  16.0 9.0
 384  16.0 10.0
 385  16.0 11.0
 386  16.0 12.0
 387  16.0 13.0
 388  16.0 14.0
 389  16.0 15.0
 390  16.0 16.0
 391  16.0 17.0
 392  16.0 18.0
 393  16.0 19.0
 394  16.0 20.0
 395  16.0 21.0
 396  16.0 22.0
 397  16.0 23.0
 398  16.0 24.0
 399  16.0 25.0
 400  17.0 1.0
 401  17.0 2.0
 402  17.0 3.0
 403  17.0 4.0
 404  17.0 5.0
 405  17.0 6.0
 406  17.0 7.0
 407  17.0 8.0
 408  17.0 9.0
 409  17.0 10.0
 410  17.0 11.0
 411  17.0 12.0
 412  17.0 13.0
 413  17.0 14.0
 414  17.0 15.0
 415  17.0 16.0
 416  17.0 17.0
 417  17.0 18.0
 418  17.0 19.0
 419  17.0 20.0
 420  17.0 21.0
 421  17.0 22.0
 422  17.0 23.0
 423  17.0 24.0
 424  17.0 25.0
 425  18.0 1.0
 426  18.0 2.0
 427  18.0 3.0
 428  18.0 4.0
 429  18.0 5.0
 430  18.0 6.0
 431  18.0 7.0
 432  18.0 8.0
 433  18.0 9.0
 434  18.0 10.0
 435  18.0 11.0
 436  18.0 12.0
 437  18.0 13.0
 438  18.0 14.0
 439  18.0 15.0
 440  18.0 16.0
 441  18.0 17.0
 442  18.0 18.0
 443  18.0 19.0
 444  18.0 20.0
 445  18.0 21.0
 446  18.0 22.0
 447  18.0 23.0
 448  18.0 24.0
 449  18.0 25.0
 450  19.0 1.0
 451  19.0 2.0
 452  19.0 3.0
 453  19.0 4.0
 454  19.0 5.0
 455  19.0 6.0
 456  19.0 7.0
 457  19.0 8.0
 458  19.0 9.0
 459  19.0 10.0
 460  19.0 11.0
 461  19.0 12.0
 462  19.0 13.0
 463  19.0 14.0
 464  19.0 15.0
 465  19.0 16.0
 466  19.0 17.0
 467  19.0 18.0
 468  19.0 19.0
 469  19.0 20.0
 470  19.0 21.0
 471  19.0 22.0
 472  19.0 23.0
 473  19.0 24.0
 474  19.0 25.0
 475  20.0 1.0
 476  20.0 2.0
 477  20.0 3.0
 478  20.0 4.0
 479  20.0 5.0
 480  20.0 6.0
 481  20.0 7.0
 482  20.0 8.0
 483  20.0 9.0
 484  20.0 10.0
 485  20.0 11.0
 486  20.0 12.0
 487  20.0 13.0
 488  20.0 14.0
 489  20.0 15.0
 490  20.0 16.0
 491  20.0 17.0
 492  20.0 18.0
 493  20.0 19.0
 494  20.0 20.0
 495  20.0 21.0
 496  20.0 22.0
 497  20.0 23.0
 498  20.0 24.0
 499  20.0 25.0
 500  21.0 1.0
 501  21.0 2.0
 502  21.0 3.0
 503  21.0 4.0
 504  21.0 5.0
 505  21.0 6.0
 506  21.0 7.0
 507  21.0 8.0
 508  21.0 9.0
 509  21.0 10.0
 510  21.0 11.0
 511  21.0 12.0
 512  21.0 13.0
 513  21.0 14.0
 514  21.0 15.0
 515  21.0 16.0
 516  21.0 17.0
 517  21.0 18.0
 518  21.0 19.0
 519  21.0 20.0
 520  21.0 21.0
 521  21.0 22.0
 522  21.0 23.0
 523  21.0 24.0
 524  21.0 25.0
 525  22.0 1.0
 526  22.0 2.0
 527  22.0 3.0
 528  22.0 4.0
 529  22.0 5.0
 530  22.0 6.0
 531  22.0 7.0
 532  22.0 8.0
 533  22.0 9.0
 534  22.0 10.0
 535  22.0 11.0
 536  22.0 12.0
 537  22.0 13.0
 538  22.0 14.0
 539  22.0 15.0
 540  22.0 16.0
 541  22.0 17.0
 542  22.0 18.0
 543  22.0 19.0
 544  22.0 20.0
 545  22.0 21.0
 546  22.0 22.0
 547  22.0 23.0
 548  22.0 24.0
 549  22.0 25.0
 550  23.0 1.0
 551  23.0 2.0
 552  23.0 3.0
 553  23.0 4.0
 554  23.0 5.0
 555  23.0 6.0
 556  23.0 7.0
 557  23.0 8.0
 558  23.0 9.0
 559  23.0 10.0
 560  23.0 11.0
 561  23.0 12.0
 562  23.0 13.0
 563  23.0 14.0
 564  23.0 15.0
 565  23.0 16.0
 566  23.0 17.0
 567  23.0 18.0
 568  23.0 19.0
 569  23.0 20.0
 570  23.0 21.0
 571  23.0 22.0
 572  23.0 23.0
 573  23.0 24.0
 574  23.0 25.0
 575  24.0 1.0
 576  24.0 2.0
 577  24.0 3.0
 578  24.0 4.0
 579  24.0 5.0
 580  24.0 6.0
 581  24.0 7.0
 582  24.0 8.0
 583  24.0 9.0
 584  24.0 10.0
 585  24.0 11.0
 586  24.0 12.0
 587  24.0 13.0
 588  24.0 14.0
 589  24.0 15.0
 590  24.0 16.0
 591  24.0 17.0
 592  24.0 18.0
 593  24.0 19.0
 594  24.0 20.0
 595  24.0 21.0
 596  24.0 22.0
 597  24.0 23.0
 598  24.0 24.0
 599  24.0 25.0
 600  25.0 1.0
 601  25.0 2.0
 602  25.0 3.0
 603  25.0 4.0
 604  25.0 5.0
 605  25.0 6.0
 606  25.0 7.0
 607  25.0 8.0
 608  25.0 9.0
 609  25.0 10.0
 610  25.0 11.0
 611  25.0 12.0
 612  25.0 13.0
 613  25.0 14.0
 614  25.0 15.0
 615  25.0 16.0
 616  25.0 17.0
 617  25.0 18.0
 618  25.0 19.0
 619  25.0 20.0
 620  25.0 21.0
 621  25.0 22.0
 622  25.0 23.0
 623  25.0 24.0
 624  25.0 25.0
