 0  0.0 0.0
 1  0.0 1.0
 2  0.0 2.0
 3  0.0 3.0
 4  0.0 4.0
 5  0.0 5.0
 6  0.0 6.0
 7  0.0 7.0
 8  0.0 8.0
 9  0.0 9.0
 10  0.0 10.0
 11  0.0 11.0
 12  0.0 12.0
 13  0.0 13.0
 14  0.0 14.0
 15  0.0 15.0
 16  0.0 16.0
 17  0.0 17.0
 18  0.0 18.0
 19  0.0 19.0
 20  0.0 20.0
 21  0.0 21.0
 22  0.0 22.0
 23  0.0 23.0
 24  0.0 24.0
 25  0.0 25.0
 26  0.0 26.0
 27  0.0 27.0
 28  0.0 28.0
 29  0.0 29.0
 30  1.0 0.0
 31  1.0 1.0
 32  1.0 3.0
 33  1.0 4.0
 34  1.0 6.0
 35  1.0 7.0
 36  1.0 9.0
 37  1.0 10.0
 38  1.0 12.0
 39  1.0 13.0
 40  1.0 15.0
 41  1.0 16.0
 42  1.0 18.0
 43  1.0 19.0
 44  1.0 21.0
 45  1.0 22.0
 46  1.0 24.0
 47  1.0 25.0
 48  1.0 27.0
 49  1.0 28.0
 50  2.0 0.0
 51  2.0 1.0
 52  2.0 2.0
 53  2.0 3.0
 54  2.0 4.0
 55  2.0 5.0
 56  2.0 6.0
 57  2.0 7.0
 58  2.0 8.0
 59  2.0 9.0
 60  2.0 10.0
 61  2.0 11.0
 62  2.0 12.0
 63  2.0 13.0
 64  2.0 14.0
 65  2.0 15.0
 66  2.0 16.0
 67  2.0 17.0
 68  2.0 18.0
 69  2.0 19.0
 70  2.0 20.0
 71  2.0 21.0
 72  2.0 22.0
 73  2.0 23.0
 74  2.0 24.0
 75  2.0 25.0
 76  2.0 26.0
 77  2.0 27.0
 78  2.0 28.0
 79  2.0 29.0
 80  3.0 0.0
 81  3.0 1.0
 82  3.0 2.0
 83  3.0 3.0
 84  3.0 4.0
 85  3.0 5.0
 86  3.0 6.0
 87  3.0 7.0
 88  3.0 8.0
 89  3.0 9.0
 90  3.0 10.0
 91  3.0 11.0
 92  3.0 12.0
 93  3.0 13.0
 94  3.0 14.0
 95  3.0 15.0
 96  3.0 16.0
 97  3.0 17.0
 98  3.0 18.0
 99  3.0 19.0
 100  3.0 20.0
 101  3.0 21.0
 102  3.0 22.0
 103  3.0 23.0
 104  3.0 24.0
 105  3.0 25.0
 106  3.0 26.0
 107  3.0 27.0
 108  3.0 28.0
 109  3.0 29.0
 110  4.0 1.0
 111  4.0 2.0
 112  4.0 4.0
 113  4.0 5.0
 114  4.0 7.0
 115  4.0 8.0
 116  4.0 10.0
 117  4.0 11.0
 118  4.0 13.0
 119  4.0 14.0
 120  4.0 16.0
 121  4.0 17.0
 122  4.0 19.0
 123  4.0 20.0
 124  4.0 22.0
 125  4.0 23.0
 126  4.0 25.0
 127  4.0 26.0
 128  4.0 28.0
 129  4.0 29.0
 130  5.0 0.0
 131  5.0 1.0
 132  5.0 2.0
 133  5.0 3.0
 134  5.0 4.0
 135  5.0 5.0
 136  5.0 6.0
 137  5.0 7.0
 138  5.0 8.0
 139  5.0 9.0
 140  5.0 10.0
 141  5.0 11.0
 142  5.0 12.0
 143  5.0 13.0
 144  5.0 14.0
 145  5.0 15.0
 146  5.0 16.0
 147  5.0 17.0
 148  5.0 18.0
 149  5.0 19.0
 150  5.0 20.0
 151  5.0 21.0
 152  5.0 22.0
 153  5.0 23.0
 154  5.0 24.0
 155  5.0 25.0
 156  5.0 26.0
 157  5.0 27.0
 158  5.0 28.0
 159  5.0 29.0
 160  6.0 0.0
 161  6.0 1.0
 162  6.0 2.0
 163  6.0 3.0
 164  6.0 4.0
 165  6.0 5.0
 166  6.0 6.0
 167  6.0 7.0
 168  6.0 8.0
 169  6.0 9.0
 170  6.0 10.0
 171  6.0 11.0
 172  6.0 12.0
 173  6.0 13.0
 174  6.0 14.0
 175  6.0 15.0
 176  6.0 16.0
 177  6.0 17.0
 178  6.0 18.0
 179  6.0 19.0
 180  6.0 20.0
 181  6.0 21.0
 182  6.0 22.0
 183  6.0 23.0
 184  6.0 24.0
 185  6.0 25.0
 186  6.0 26.0
 187  6.0 27.0
 188  6.0 28.0
 189  6.0 29.0
 190  7.0 0.0
 191  7.0 1.0
 192  7.0 3.0
 193  7.0 4.0
 194  7.0 6.0
 195  7.0 7.0
 196  7.0 9.0
 197  7.0 10.0
 198  7.0 12.0
 199  7.0 13.0
 200  7.0 15.0
 201  7.0 16.0
 202  7.0 18.0
 203  7.0 19.0
 204  7.0 21.0
 205  7.0 22.0
 206  7.0 24.0
 207  7.0 25.0
 208  7.0 27.0
 209  7.0 28.0
 210  8.0 0.0
 211  8.0 1.0
 212  8.0 2.0
 213  8.0 3.0
 214  8.0 4.0
 215  8.0 5.0
 216  8.0 6.0
 217  8.0 7.0
 218  8.0 8.0
 219  8.0 9.0
 220  8.0 10.0
 221  8.0 11.0
 222  8.0 12.0
 223  8.0 13.0
 224  8.0 14.0
 225  8.0 15.0
 226  8.0 16.0
 227  8.0 17.0
 228  8.0 18.0
 229  8.0 19.0
 230  8.0 20.0
 231  8.0 21.0
 232  8.0 22.0
 233  8.0 23.0
 234  8.0 24.0
 235  8.0 25.0
 236  8.0 26.0
 237  8.0 27.0
 238  8.0 28.0
 239  8.0 29.0
 240  9.0 0.0
 241  9.0 1.0
 242  9.0 2.0
 243  9.0 3.0
 244  9.0 4.0
 245  9.0 5.0
 246  9.0 6.0
 247  9.0 7.0
 248  9.0 8.0
 249  9.0 9.0
 250  9.0 10.0
 251  9.0 11.0
 252  9.0 12.0
 253  9.0 13.0
 254  9.0 14.0
 255  9.0 15.0
 256  9.0 16.0
 257  9.0 17.0
 258  9.0 18.0
 259  9.0 19.0
 260  9.0 20.0
 261  9.0 21.0
 262  9.0 22.0
 263  9.0 23.0
 264  9.0 24.0
 265  9.0 25.0
 266  9.0 26.0
 267  9.0 27.0
 268  9.0 28.0
 269  9.0 29.0
 270  10.0 1.0
 271  10.0 2.0
 272  10.0 4.0
 273  10.0 5.0
 274  10.0 7.0
 275  10.0 8.0
 276  10.0 10.0
 277  10.0 11.0
 278  10.0 13.0
 279  10.0 14.0
 280  10.0 16.0
 281  10.0 17.0
 282  10.0 19.0
 283  10.0 20.0
 284  10.0 22.0
 285  10.0 23.0
 286  10.0 25.0
 287  10.0 26.0
 288  10.0 28.0
 289  10.0 29.0
 290  11.0 0.0
 291  11.0 1.0
 292  11.0 2.0
 293  11.0 3.0
 294  11.0 4.0
 295  11.0 5.0
 296  11.0 6.0
 297  11.0 7.0
 298  11.0 8.0
 299  11.0 9.0
 300  11.0 10.0
 301  11.0 11.0
 302  11.0 12.0
 303  11.0 13.0
 304  11.0 14.0
 305  11.0 15.0
 306  11.0 16.0
 307  11.0 17.0
 308  11.0 18.0
 309  11.0 19.0
 310  11.0 20.0
 311  11.0 21.0
 312  11.0 22.0
 313  11.0 23.0
 314  11.0 24.0
 315  11.0 25.0
 316  11.0 26.0
 317  11.0 27.0
 318  11.0 28.0
 319  11.0 29.0
 320  12.0 0.0
 321  12.0 1.0
 322  12.0 2.0
 323  12.0 3.0
 324  12.0 4.0
 325  12.0 5.0
 326  12.0 6.0
 327  12.0 7.0
 328  12.0 8.0
 329  12.0 9.0
 330  12.0 10.0
 331  12.0 11.0
 332  12.0 12.0
 333  12.0 13.0
 334  12.0 14.0
 335  12.0 15.0
 336  12.0 16.0
 337  12.0 17.0
 338  12.0 18.0
 339  12.0 19.0
 340  12.0 20.0
 341  12.0 21.0
 342  12.0 22.0
 343  12.0 23.0
 344  12.0 24.0
 345  12.0 25.0
 346  12.0 26.0
 347  12.0 27.0
 348  12.0 28.0
 349  12.0 29.0
 350  13.0 0.0
 351  13.0 1.0
 352  13.0 3.0
 353  13.0 4.0
 354  13.0 6.0
 355  13.0 7.0
 356  13.0 9.0
 357  13.0 10.0
 358  13.0 12.0
 359  13.0 13.0
 360  13.0 15.0
 361  13.0 16.0
 362  13.0 18.0
 363  13.0 19.0
 364  13.0 21.0
 365  13.0 22.0
 366  13.0 24.0
 367  13.0 25.0
 368  13.0 27.0
 369  13.0 28.0
 370  14.0 0.0
 371  14.0 1.0
 372  14.0 2.0
 373  14.0 3.0
 374  14.0 4.0
 375  14.0 5.0
 376  14.0 6.0
 377  14.0 7.0
 378  14.0 8.0
 379  14.0 9.0
 380  14.0 10.0
 381  14.0 11.0
 382  14.0 12.0
 383  14.0 13.0
 384  14.0 14.0
 385  14.0 15.0
 386  14.0 16.0
 387  14.0 17.0
 388  14.0 18.0
 389  14.0 19.0
 390  14.0 20.0
 391  14.0 21.0
 392  14.0 22.0
 393  14.0 23.0
 394  14.0 24.0
 395  14.0 25.0
 396  14.0 26.0
 397  14.0 27.0
 398  14.0 28.0
 399  14.0 29.0
 400  15.0 0.0
 401  15.0 1.0
 402  15.0 2.0
 403  15.0 3.0
 404  15.0 4.0
 405  15.0 5.0
 406  15.0 6.0
 407  15.0 7.0
 408  15.0 8.0
 409  15.0 9.0
 410  15.0 10.0
 411  15.0 11.0
 412  15.0 12.0
 413  15.0 13.0
 414  15.0 14.0
 415  15.0 15.0
 416  15.0 16.0
 417  15.0 17.0
 418  15.0 18.0
 419  15.0 19.0
 420  15.0 20.0
 421  15.0 21.0
 422  15.0 22.0
 423  15.0 23.0
 424  15.0 24.0
 425  15.0 25.0
 426  15.0 26.0
 427  15.0 27.0
 428  15.0 28.0
 429  15.0 29.0
 430  16.0 1.0
 431  16.0 2.0
 432  16.0 4.0
 433  16.0 5.0
 434  16.0 7.0
 435  16.0 8.0
 436  16.0 10.0
 437  16.0 11.0
 438  16.0 13.0
 439  16.0 14.0
 440  16.0 16.0
 441  16.0 17.0
 442  16.0 19.0
 443  16.0 20.0
 444  16.0 22.0
 445  16.0 23.0
 446  16.0 25.0
 447  16.0 26.0
 448  16.0 28.0
 449  16.0 29.0
 450  17.0 0.0
 451  17.0 1.0
 452  17.0 2.0
 453  17.0 3.0
 454  17.0 4.0
 455  17.0 5.0
 456  17.0 6.0
 457  17.0 7.0
 458  17.0 8.0
 459  17.0 9.0
 460  17.0 10.0
 461  17.0 11.0
 462  17.0 12.0
 463  17.0 13.0
 464  17.0 14.0
 465  17.0 15.0
 466  17.0 16.0
 467  17.0 17.0
 468  17.0 18.0
 469  17.0 19.0
 470  17.0 20.0
 471  17.0 21.0
 472  17.0 22.0
 473  17.0 23.0
 474  17.0 24.0
 475  17.0 25.0
 476  17.0 26.0
 477  17.0 27.0
 478  17.0 28.0
 479  17.0 29.0
 480  18.0 0.0
 481  18.0 1.0
 482  18.0 2.0
 483  18.0 3.0
 484  18.0 4.0
 485  18.0 5.0
 486  18.0 6.0
 487  18.0 7.0
 488  18.0 8.0
 489  18.0 9.0
 490  18.0 10.0
 491  18.0 11.0
 492  18.0 12.0
 493  18.0 13.0
 494  18.0 14.0
 495  18.0 15.0
 496  18.0 16.0
 497  18.0 17.0
 498  18.0 18.0
 499  18.0 19.0
 500  18.0 20.0
 501  18.0 21.0
 502  18.0 22.0
 503  18.0 23.0
 504  18.0 24.0
 505  18.0 25.0
 506  18.0 26.0
 507  18.0 27.0
 508  18.0 28.0
 509  18.0 29.0
 510  19.0 0.0
 511  19.0 1.0
 512  19.0 3.0
 513  19.0 4.0
 514  19.0 6.0
 515  19.0 7.0
 516  19.0 9.0
 517  19.0 10.0
 518  19.0 12.0
 519  19.0 13.0
 520  19.0 15.0
 521  19.0 16.0
 522  19.0 18.0
 523  19.0 19.0
 524  19.0 21.0
 525  19.0 22.0
 526  19.0 24.0
 527  19.0 25.0
 528  19.0 27.0
 529  19.0 28.0
 530  20.0 0.0
 531  20.0 1.0
 532  20.0 2.0
 533  20.0 3.0
 534  20.0 4.0
 535  20.0 5.0
 536  20.0 6.0
 537  20.0 7.0
 538  20.0 8.0
 539  20.0 9.0
 540  20.0 10.0
 541  20.0 11.0
 542  20.0 12.0
 543  20.0 13.0
 544  20.0 14.0
 545  20.0 15.0
 546  20.0 16.0
 547  20.0 17.0
 548  20.0 18.0
 549  20.0 19.0
 550  20.0 20.0
 551  20.0 21.0
 552  20.0 22.0
 553  20.0 23.0
 554  20.0 24.0
 555  20.0 25.0
 556  20.0 26.0
 557  20.0 27.0
 558  20.0 28.0
 559  20.0 29.0
 560  21.0 0.0
 561  21.0 1.0
 562  21.0 2.0
 563  21.0 3.0
 564  21.0 4.0
 565  21.0 5.0
 566  21.0 6.0
 567  21.0 7.0
 568  21.0 8.0
 569  21.0 9.0
 570  21.0 10.0
 571  21.0 11.0
 572  21.0 12.0
 573  21.0 13.0
 574  21.0 14.0
 575  21.0 15.0
 576  21.0 16.0
 577  21.0 17.0
 578  21.0 18.0
 579  21.0 19.0
 580  21.0 20.0
 581  21.0 21.0
 582  21.0 22.0
 583  21.0 23.0
 584  21.0 24.0
 585  21.0 25.0
 586  21.0 26.0
 587  21.0 27.0
 588  21.0 28.0
 589  21.0 29.0
 590  22.0 1.0
 591  22.0 2.0
 592  22.0 4.0
 593  22.0 5.0
 594  22.0 7.0
 595  22.0 8.0
 596  22.0 10.0
 597  22.0 11.0
 598  22.0 13.0
 599  22.0 14.0
 600  22.0 16.0
 601  22.0 17.0
 602  22.0 19.0
 603  22.0 20.0
 604  22.0 22.0
 605  22.0 23.0
 606  22.0 25.0
 607  22.0 26.0
 608  22.0 28.0
 609  22.0 29.0
 610  23.0 0.0
 611  23.0 1.0
 612  23.0 2.0
 613  23.0 3.0
 614  23.0 4.0
 615  23.0 5.0
 616  23.0 6.0
 617  23.0 7.0
 618  23.0 8.0
 619  23.0 9.0
 620  23.0 10.0
 621  23.0 11.0
 622  23.0 12.0
 623  23.0 13.0
 624  23.0 14.0
 625  23.0 15.0
 626  23.0 16.0
 627  23.0 17.0
 628  23.0 18.0
 629  23.0 19.0
 630  23.0 20.0
 631  23.0 21.0
 632  23.0 22.0
 633  23.0 23.0
 634  23.0 24.0
 635  23.0 25.0
 636  23.0 26.0
 637  23.0 27.0
 638  23.0 28.0
 639  23.0 29.0
 640  24.0 0.0
 641  24.0 1.0
 642  24.0 2.0
 643  24.0 3.0
 644  24.0 4.0
 645  24.0 5.0
 646  24.0 6.0
 647  24.0 7.0
 648  24.0 8.0
 649  24.0 9.0
 650  24.0 10.0
 651  24.0 11.0
 652  24.0 12.0
 653  24.0 13.0
 654  24.0 14.0
 655  24.0 15.0
 656  24.0 16.0
 657  24.0 17.0
 658  24.0 18.0
 659  24.0 19.0
 660  24.0 20.0
 661  24.0 21.0
 662  24.0 22.0
 663  24.0 23.0
 664  24.0 24.0
 665  24.0 25.0
 666  24.0 26.0
 667  24.0 27.0
 668  24.0 28.0
 669  24.0 29.0
 670  25.0 0.0
 671  25.0 1.0
 672  25.0 3.0
 673  25.0 4.0
 674  25.0 6.0
 675  25.0 7.0
 676  25.0 9.0
 677  25.0 10.0
 678  25.0 12.0
 679  25.0 13.0
 680  25.0 15.0
 681  25.0 16.0
 682  25.0 18.0
 683  25.0 19.0
 684  25.0 21.0
 685  25.0 22.0
 686  25.0 24.0
 687  25.0 25.0
 688  25.0 27.0
 689  25.0 28.0
 690  26.0 0.0
 691  26.0 1.0
 692  26.0 2.0
 693  26.0 3.0
 694  26.0 4.0
 695  26.0 5.0
 696  26.0 6.0
 697  26.0 7.0
 698  26.0 8.0
 699  26.0 9.0
 700  26.0 10.0
 701  26.0 11.0
 702  26.0 12.0
 703  26.0 13.0
 704  26.0 14.0
 705  26.0 15.0
 706  26.0 16.0
 707  26.0 17.0
 708  26.0 18.0
 709  26.0 19.0
 710  26.0 20.0
 711  26.0 21.0
 712  26.0 22.0
 713  26.0 23.0
 714  26.0 24.0
 715  26.0 25.0
 716  26.0 26.0
 717  26.0 27.0
 718  26.0 28.0
 719  26.0 29.0
 720  27.0 0.0
 721  27.0 1.0
 722  27.0 2.0
 723  27.0 3.0
 724  27.0 4.0
 725  27.0 5.0
 726  27.0 6.0
 727  27.0 7.0
 728  27.0 8.0
 729  27.0 9.0
 730  27.0 10.0
 731  27.0 11.0
 732  27.0 12.0
 733  27.0 13.0
 734  27.0 14.0
 735  27.0 15.0
 736  27.0 16.0
 737  27.0 17.0
 738  27.0 18.0
 739  27.0 19.0
 740  27.0 20.0
 741  27.0 21.0
 742  27.0 22.0
 743  27.0 23.0
 744  27.0 24.0
 745  27.0 25.0
 746  27.0 26.0
 747  27.0 27.0
 748  27.0 28.0
 749  27.0 29.0
 750  28.0 1.0
 751  28.0 2.0
 752  28.0 4.0
 753  28.0 5.0
 754  28.0 7.0
 755  28.0 8.0
 756  28.0 10.0
 757  28.0 11.0
 758  28.0 13.0
 759  28.0 14.0
 760  28.0 16.0
 761  28.0 17.0
 762  28.0 19.0
 763  28.0 20.0
 764  28.0 22.0
 765  28.0 23.0
 766  28.0 25.0
 767  28.0 26.0
 768  28.0 28.0
 769  28.0 29.0
 770  29.0 0.0
 771  29.0 1.0
 772  29.0 2.0
 773  29.0 3.0
 774  29.0 4.0
 775  29.0 5.0
 776  29.0 6.0
 777  29.0 7.0
 778  29.0 8.0
 779  29.0 9.0
 780  29.0 10.0
 781  29.0 11.0
 782  29.0 12.0
 783  29.0 13.0
 784  29.0 14.0
 785  29.0 15.0
 786  29.0 16.0
 787  29.0 17.0
 788  29.0 18.0
 789  29.0 19.0
 790  29.0 20.0
 791  29.0 21.0
 792  29.0 22.0
 793  29.0 23.0
 794  29.0 24.0
 795  29.0 25.0
 796  29.0 26.0
 797  29.0 27.0
 798  29.0 28.0
 799  29.0 29.0
