 0  0.00 0.00 
 1  14.02 10.82
 2  6.26 0.58
 3  20.74 18.52
 4  10.05 20.58
 5  14.95 6.28
 6  4.13 19.13
 7  12.87 17.74
 8  5.47 5.69
 9  15.94 1.81
 10  12.10 7.89
 11  2.64 12.44
 12  18.12 20.90
 13  16.41 2.24
 14  16.91 15.42
 15  14.95 6.83
 16  10.26 7.97
 17  17.64 16.52
 18  8.55 17.38
 19  14.04 18.60
 20  16.96 7.99
 21  3.88 0.09
 22  6.12 16.75
 23  17.83 11.59
 24  1.44 12.78
 25  13.39 13.54
 26  20.67 16.03
 27  4.98 17.78
 28  15.93 0.39
 29  20.03 11.84
 30  15.81 13.98
 31  18.66 5.07
 32  0.95 15.31
 33  0.58 9.50
 34  11.69 14.62
 35  7.10 7.65
 36  1.61 10.98
 37  7.74 7.72
 38  6.73 4.57
 39  19.31 8.16
 40  17.35 11.71
 41  0.70 17.01
 42  6.74 5.68
 43  13.80 1.67
 44  6.07 12.83
 45  13.50 0.88
 46  5.80 11.17
 47  5.95 6.75
 48  5.48 6.54
 49  16.24 17.17
 50  0.16 2.34
 51  3.82 1.76
 52  13.32 11.56
 53  9.49 20.05
 54  16.13 7.80
 55  7.21 12.47
 56  19.51 7.92
 57  8.49 5.24
 58  13.60 1.29
 59  6.91 19.67
 60  14.11 20.41
 61  20.56 19.91
 62  10.58 5.51
 63  5.66 16.06
 64  12.04 0.91
 65  12.22 12.20
 66  3.25 16.04
 67  13.96 16.57
 68  6.60 2.45
 69  15.62 1.73
 70  10.25 1.83
 71  14.20 8.75
 72  9.75 1.69
 73  13.99 2.34
 74  2.98 20.90
 75  1.02 17.09
 76  20.31 0.58
 77  16.01 9.89
 78  6.08 0.67
 79  4.95 18.13
 80  1.57 17.17
 81  9.33 4.82
 82  12.22 2.29
 83  0.39 18.81
 84  4.73 16.01
 85  20.54 14.98
 86  17.84 13.74
 87  2.73 6.59
 88  15.44 16.72
 89  8.93 18.41
 90  16.62 9.95
 91  14.51 15.93
 92  10.53 9.51
 93  4.83 16.61
 94  10.18 9.77
 95  13.74 11.75
 96  5.95 2.07
 97  16.58 18.16
 98  4.35 16.97
 99  15.98 9.09
 100  11.98 15.52
 101  3.07 8.82
 102  8.26 5.80
 103  15.41 2.70
 104  1.53 3.34
 105  0.11 18.15
 106  13.29 14.62
 107  13.08 2.82
 108  3.13 17.91
 109  19.43 13.31
 110  6.68 12.17
 111  4.06 12.63
 112  14.24 20.64
 113  9.79 18.59
 114  16.61 4.77
 115  6.68 7.58
 116  20.29 9.75
 117  16.41 7.55
 118  15.56 10.82
 119  10.25 17.08
 120  14.16 10.36
 121  14.23 6.45
 122  3.98 6.31
 123  9.28 7.11
 124  3.22 7.71
 125  20.42 9.90
 126  19.88 3.48
 127  1.53 13.12
 128  3.12 11.33
 129  10.72 19.72
 130  16.10 17.40
 131  6.31 15.39
 132  6.15 1.71
 133  1.94 0.71
 134  12.53 12.20
 135  17.79 5.69
 136  1.56 11.02
 137  12.14 5.54
 138  17.33 0.42
 139  12.65 20.55
 140  8.13 12.07
 141  9.46 7.01
 142  15.55 10.99
 143  20.13 18.67
 144  1.32 9.84
 145  17.40 17.42
 146  6.24 2.70
 147  11.81 12.39
 148  4.42 13.75
 149  13.10 16.95
 150  4.95 9.89
 151  1.63 6.51
 152  20.91 13.77
 153  12.05 17.24
 154  14.19 3.70
 155  16.79 1.32
 156  15.77 5.25
 157  8.32 10.33
 158  16.24 7.45
 159  8.00 17.56
 160  17.29 4.40
 161  13.97 2.54
 162  7.10 4.78
 163  14.93 11.52
 164  18.53 7.03
 165  7.46 2.48
 166  16.92 9.09
 167  8.98 16.83
 168  1.87 0.03
 169  13.07 16.06
 170  3.73 8.87
 171  17.37 19.51
 172  14.11 4.70
 173  8.83 9.35
 174  12.15 16.83
 175  5.91 8.44
 176  0.23 19.88
 177  10.98 7.33
 178  3.67 4.90
 179  18.84 1.20
 180  11.94 5.30
 181  3.68 7.86
 182  14.40 12.66
 183  3.69 16.26
 184  12.69 16.76
 185  11.32 16.42
 186  4.63 7.70
 187  14.93 18.74
 188  12.39 2.76
 189  7.10 3.54
 190  19.60 13.01
 191  11.98 19.83
 192  11.89 1.95
 193  6.16 15.56
 194  6.86 4.00
 195  16.75 18.79
 196  9.30 20.43
 197  5.65 2.70
 198  12.09 9.34
 199  18.96 3.79
 200  5.11 9.29
 201  20.21 9.74
 202  16.98 14.14
 203  7.48 8.37
 204  16.90 14.58
 205  11.91 15.50
 206  6.58 2.89
 207  14.33 18.47
 208  4.84 20.48
 209  13.03 11.69
 210  3.48 8.78
 211  9.49 12.79
 212  8.22 15.14
 213  15.49 20.31
 214  3.48 13.45
 215  3.09 8.59
 216  1.74 2.30
 217  18.33 18.72
 218  16.44 4.81
 219  6.09 12.35
 220  19.38 18.00
 221  6.85 4.96
 222  20.89 0.17
 223  2.43 4.73
 224  20.66 15.46
 225  16.42 3.14
 226  3.25 4.91
 227  15.93 11.46
 228  20.05 10.42
 229  10.77 2.53
 230  2.87 13.87
 231  11.12 4.61
 232  16.17 8.45
 233  2.33 11.61
 234  13.25 8.42
 235  2.96 11.64
 236  5.42 9.80
 237  16.60 5.31
 238  9.98 19.03
 239  10.04 9.64
 240  13.50 5.46
 241  12.78 16.74
 242  10.37 7.71
 243  7.21 9.42
 244  18.13 17.98
 245  11.95 21.00
 246  10.84 2.08
 247  4.60 6.01
 248  10.52 6.93
 249  17.62 2.78
 250  15.35 20.58
 251  14.41 20.77
 252  9.39 10.01
 253  5.08 19.36
 254  8.05 15.12
 255  8.00 0.54
 256  20.58 20.79
 257  17.28 9.95
 258  7.50 3.49
 259  19.38 4.63
 260  0.47 10.33
 261  4.62 11.31
 262  12.41 9.23
 263  17.32 1.93
 264  16.15 13.94
 265  4.71 10.50
 266  13.52 19.12
 267  10.28 1.91
 268  8.13 15.36
 269  0.27 16.18
 270  9.48 8.28
 271  16.72 9.07
 272  8.06 13.01
 273  19.02 15.56
 274  16.50 17.40
 275  20.18 16.96
 276  6.73 3.81
 277  7.27 19.13
 278  13.03 3.59
 279  0.06 8.19
 280  17.53 4.77
 281  18.69 10.06
 282  2.89 7.97
 283  11.97 11.02
 284  2.33 12.24
 285  6.20 11.81
 286  20.52 1.92
 287  20.87 7.58
 288  14.93 18.89
 289  2.14 10.43
 290  15.29 1.33
 291  6.39 1.01
 292  5.13 13.66
 293  20.14 18.17
 294  17.25 20.20
 295  5.35 13.79
 296  3.97 3.05
 297  2.85 6.86
 298  11.01 14.81
 299  17.89 13.34
 300  6.06 3.09
 301  4.15 5.58
 302  5.02 4.02
 303  13.16 19.95
 304  1.91 15.30
 305  9.37 17.20
 306  16.63 15.76
 307  18.22 0.76
 308  8.43 17.36
 309  18.93 4.68
 310  16.57 3.28
 311  18.47 20.54
 312  6.33 0.31
 313  6.40 17.34
 314  15.13 3.29
 315  9.68 0.18
 316  6.38 13.83
 317  5.76 11.40
 318  17.85 18.92
 319  10.34 19.76
 320  13.22 19.71
 321  15.97 8.85
 322  14.48 13.19
 323  9.61 1.90
 324  9.55 7.54
 325  6.58 5.12
 326  10.82 4.05
 327  4.66 17.15
 328  4.36 11.06
 329  13.49 19.48
 330  14.35 2.17
 331  19.67 20.73
 332  16.00 4.43
 333  11.12 12.85
 334  2.35 0.46
 335  11.61 15.57
 336  20.18 6.58
 337  3.41 13.66
 338  19.77 13.02
 339  15.56 8.32
 340  20.56 1.14
 341  13.44 10.38
 342  5.19 18.09
 343  6.52 9.55
 344  8.15 20.01
 345  8.03 1.50
 346  1.18 6.70
 347  1.22 17.18
 348  11.13 12.35
 349  9.03 13.47
 350  12.81 20.64
 351  8.04 11.99
 352  6.22 11.46
 353  4.64 4.99
 354  3.48 20.20
 355  13.31 3.04
 356  0.34 5.75
 357  13.41 5.53
 358  2.84 19.94
 359  15.08 10.99
 360  18.95 2.11
 361  12.48 20.13
 362  8.80 13.71
 363  16.30 19.93
 364  5.05 4.33
 365  12.40 17.86
 366  3.97 20.44
 367  8.85 10.20
 368  10.90 13.50
 369  15.19 14.38
 370  12.70 7.50
 371  17.41 13.05
 372  13.25 9.83
 373  18.58 16.09
 374  8.76 12.65
 375  6.08 6.71
 376  14.76 18.56
 377  5.83 2.56
 378  11.27 1.14
 379  1.49 16.32
 380  5.47 13.90
 381  13.19 9.44
 382  13.34 1.04
 383  19.64 3.24
 384  14.54 13.83
 385  17.62 6.24
 386  0.33 14.03
 387  19.29 13.58
 388  2.86 16.86
 389  8.67 11.62
 390  8.52 14.75
 391  18.33 2.28
 392  12.31 3.16
 393  4.84 2.58
 394  4.30 6.34
 395  18.90 9.77
 396  20.23 11.09
 397  19.21 12.57
 398  12.13 17.85
 399  15.81 5.67
 400  10.68 12.43
 401  11.91 11.01
 402  5.46 10.19
 403  3.59 8.32
 404  6.06 12.26
 405  19.94 14.58
 406  6.01 17.27
 407  16.86 18.32
 408  20.43 0.70
 409  20.90 3.73
 410  7.03 18.80
 411  13.50 6.26
 412  8.88 11.71
 413  18.83 0.01
 414  8.56 13.64
 415  5.68 19.24
 416  5.07 17.58
 417  9.25 10.53
 418  6.77 12.84
 419  18.84 12.83
 420  4.10 17.78
 421  6.41 10.11
 422  14.05 2.26
 423  7.43 13.48
 424  2.96 7.33
 425  17.21 9.99
 426  5.13 9.71
 427  16.26 14.01
 428  0.42 14.09
 429  14.02 8.97
 430  6.74 19.70
 431  7.21 11.81
 432  16.28 16.45
 433  1.34 2.05
 434  8.29 20.18
 435  14.89 12.39
 436  16.96 0.29
 437  1.51 10.01
 438  2.56 8.94
 439  2.48 5.52
 440  16.27 19.69
 441  15.51 0.40
 442  8.39 10.77
 443  14.41 8.81
 444  3.87 7.43
 445  17.78 10.60
 446  6.13 3.99
 447  1.41 1.41
 448  20.45 2.75
 449  3.46 7.74
 450  1.93 18.35
 451  20.13 18.89
 452  18.64 0.64
 453  7.89 0.20
 454  9.58 10.38
 455  5.72 4.85
 456  9.06 0.24
 457  5.25 17.46
 458  11.01 19.66
 459  5.27 14.87
 460  6.09 2.05
 461  4.48 12.22
 462  6.05 5.89
 463  13.63 5.49
 464  8.64 17.09
 465  13.23 10.57
 466  14.44 12.37
 467  8.46 12.09
 468  13.01 16.35
 469  12.29 1.59
 470  5.73 18.01
 471  6.44 14.79
 472  18.25 11.69
 473  11.25 8.25
 474  10.35 16.52
 475  2.13 16.44
 476  18.57 6.61
 477  7.66 3.62
 478  12.50 0.29
 479  9.11 0.14
 480  17.39 1.34
 481  10.71 10.83
 482  13.71 19.17
 483  1.91 5.71
 484  14.52 14.20
 485  7.30 20.25
 486  11.21 13.73
 487  14.04 8.46
 488  4.42 4.29
 489  16.71 14.77
 490  20.81 18.84
 491  10.21 18.38
 492  4.44 17.88
 493  1.00 16.94
 494  18.17 10.10
 495  17.08 14.56
 496  11.45 6.79
 497  4.39 4.15
 498  4.95 6.30
 499  9.86 19.47
 500  20.50 17.16
 501  18.72 10.71
 502  9.90 11.75
 503  19.16 14.32
 504  16.04 14.87
 505  8.09 15.85
 506  12.71 18.30
 507  13.23 17.16
 508  15.18 14.23
 509  13.10 12.35
 510  3.33 9.17
 511  5.91 14.78
 512  15.96 10.29
 513  18.93 20.91
 514  16.59 7.79
 515  19.38 16.09
 516  3.96 17.09
 517  5.80 13.85
 518  7.85 3.96
 519  7.17 2.89
 520  18.84 15.26
 521  18.74 10.55
 522  12.57 10.98
 523  6.70 6.75
 524  4.20 19.80
 525  19.10 7.53
 526  7.97 4.00
 527  1.31 2.93
 528  14.29 20.24
 529  2.84 9.88
 530  7.03 1.22
 531  4.97 10.99
 532  18.32 10.77
 533  3.84 5.17
 534  14.73 11.01
 535  8.06 12.57
 536  5.28 5.80
 537  2.12 17.85
 538  16.78 8.82
 539  3.59 20.98
 540  7.62 1.69
 541  7.51 15.60
 542  5.69 8.82
 543  18.53 19.99
 544  8.05 0.37
 545  8.87 15.08
 546  1.60 13.84
 547  5.07 19.91
 548  3.61 8.91
 549  4.08 18.35
 550  19.92 12.14
 551  9.92 4.20
 552  17.94 12.03
 553  1.05 13.72
 554  20.85 4.64
 555  13.70 7.47
 556  6.33 0.21
 557  2.07 12.02
 558  9.02 20.60
 559  11.01 17.08
 560  20.97 19.88
 561  11.16 1.57
 562  12.72 16.24
 563  0.49 16.34
 564  4.15 4.57
 565  13.68 3.07
 566  16.70 2.60
 567  7.27 13.64
 568  14.63 8.32
 569  6.36 14.49
 570  12.96 20.06
 571  0.96 19.29
 572  20.26 3.03
 573  10.31 8.29
 574  2.63 0.32
 575  4.37 2.61
 576  20.20 15.53
 577  4.18 11.92
 578  10.77 4.66
 579  7.26 14.91
 580  9.23 20.94
 581  17.99 4.93
 582  2.54 4.26
 583  18.58 17.17
 584  12.58 3.94
 585  10.66 4.54
 586  2.99 11.62
 587  2.84 2.26
 588  14.65 13.15
 589  10.55 17.28
 590  13.47 14.91
 591  19.89 12.68
 592  9.44 3.06
 593  3.60 20.21
 594  7.73 10.86
 595  14.13 16.96
 596  10.80 11.11
 597  0.89 13.34
 598  15.37 19.46
 599  9.51 6.96
 600  2.40 20.17
 601  11.50 5.39
 602  10.79 14.34
 603  7.65 4.44
 604  6.49 18.20
 605  0.73 19.96
 606  12.11 20.62
 607  11.64 0.55
 608  2.68 15.24
 609  20.77 10.41
 610  5.10 13.89
 611  6.36 15.90
 612  4.00 7.25
 613  8.24 19.38
 614  5.72 17.75
 615  5.33 8.12
 616  16.93 16.83
 617  13.51 6.72
 618  10.17 0.16
 619  11.16 16.66
 620  18.36 11.89
 621  15.62 9.47
 622  11.51 6.25
 623  10.02 14.19
 624  0.49 9.79
 625  3.60 5.58
 626  2.68 9.96
 627  0.48 6.69
 628  17.21 8.72
 629  5.06 1.93
 630  5.47 10.40
 631  10.04 1.40
 632  6.23 2.55
 633  8.12 16.40
 634  2.71 19.29
 635  12.06 0.07
 636  10.18 6.67
 637  9.54 0.69
 638  12.93 19.56
 639  14.87 13.41
 640  8.35 18.47
 641  19.00 11.03
 642  7.43 19.48
 643  17.71 3.64
 644  7.20 1.78
 645  5.57 12.67
 646  12.17 15.61
 647  14.08 18.40
 648  18.16 1.20
 649  13.80 20.87
 650  20.48 4.86
 651  20.94 9.66
 652  11.53 9.48
 653  10.35 3.46
 654  8.04 4.22
 655  16.87 16.39
 656  1.69 14.87
 657  6.42 9.12
 658  13.34 3.13
 659  12.76 20.54
 660  4.91 18.32
 661  12.22 17.08
 662  12.93 5.29
 663  14.48 10.09
 664  6.49 7.28
 665  9.97 5.97
 666  12.14 9.91
 667  15.63 2.67
 668  19.39 4.98
 669  6.13 6.43
 670  9.20 2.00
 671  1.82 10.89
 672  16.86 8.23
 673  20.01 9.21
 674  11.36 11.77
 675  8.75 16.27
 676  9.09 20.97
 677  12.34 1.03
 678  5.26 5.83
 679  11.12 11.75
 680  13.11 0.09
 681  17.72 4.25
 682  10.00 12.36
 683  6.92 8.39
 684  17.34 13.05
 685  14.81 5.54
 686  15.05 16.63
 687  16.43 10.91
 688  3.86 15.44
 689  20.12 15.22
 690  6.21 7.87
 691  10.49 15.30
 692  7.84 1.83
 693  16.33 13.10
 694  7.66 6.45
 695  3.85 20.77
 696  6.54 0.58
 697  4.02 16.53
 698  12.93 10.94
 699  3.92 9.27
 700  2.99 18.73
 701  14.81 18.04
 702  14.36 10.24
 703  7.96 18.22
 704  4.68 7.08
 705  12.45 10.90
 706  14.95 1.93
 707  5.20 1.80
 708  3.77 0.53
 709  14.90 11.42
 710  6.98 18.75
 711  11.19 13.52
 712  19.33 15.21
 713  9.05 11.26
 714  5.15 12.97
 715  20.53 8.14
 716  10.70 14.34
 717  5.19 4.06
 718  3.58 13.14
 719  1.29 8.27
 720  20.22 13.74
 721  19.17 14.17
 722  15.67 3.37
 723  15.97 19.43
 724  3.90 9.87
 725  9.86 10.88
 726  7.62 0.05
 727  3.40 5.95
 728  15.26 12.45
 729  17.21 20.41
 730  4.42 16.75
 731  7.55 15.12
 732  10.09 12.74
 733  19.19 13.67
 734  4.88 20.48
 735  0.94 4.11
 736  13.21 20.11
 737  18.28 7.88
 738  2.47 13.25
 739  6.31 6.37
 740  2.12 16.17
 741  17.25 9.74
 742  16.22 20.65
 743  15.69 10.48
 744  12.10 11.91
 745  9.89 16.52
 746  7.65 17.44
 747  10.64 17.74
 748  9.18 8.83
 749  10.42 14.06
 750  8.31 11.36
 751  18.16 0.52
 752  10.47 15.45
 753  8.40 12.94
 754  7.70 14.71
 755  19.31 9.81
 756  9.88 15.56
 757  19.56 5.10
 758  15.21 14.25
 759  15.58 6.32
 760  5.16 4.47
 761  1.84 12.81
 762  0.90 12.48
 763  9.56 10.08
 764  0.31 19.97
 765  3.14 8.61
 766  10.33 0.30
 767  9.13 20.80
 768  15.75 17.53
 769  12.74 2.44
 770  11.24 11.05
 771  12.26 0.12
 772  5.61 10.82
 773  5.23 20.83
 774  4.06 20.81
 775  6.14 9.22
 776  4.28 7.98
 777  1.03 5.18
 778  20.46 10.59
 779  15.26 20.77
 780  9.56 18.40
 781  8.38 19.90
 782  18.70 17.51
 783  19.69 13.45
 784  14.04 11.43
 785  15.90 4.28
 786  1.48 7.16
 787  4.40 7.09
 788  17.97 9.63
 789  6.92 1.04
 790  9.44 13.06
 791  10.26 13.71
 792  0.04 11.29
 793  18.89 20.50
 794  0.88 13.15
 795  20.27 10.45
 796  10.55 7.65
 797  9.35 8.26
 798  4.16 8.04
 799  0.71 18.20
 800  19.47 16.61
 801  1.48 20.96
 802  2.76 5.88
 803  7.05 20.74
 804  15.51 13.97
 805  0.77 3.95
 806  6.03 11.03
 807  17.66 6.08
 808  1.33 15.56
 809  5.58 2.21
 810  7.71 4.85
 811  12.66 18.27
 812  12.50 1.01
 813  5.52 16.66
 814  9.05 6.23
 815  13.86 7.52
 816  1.84 15.34
 817  7.47 4.60
 818  0.23 14.52
 819  4.34 15.74
 820  7.50 5.11
 821  19.69 13.53
 822  16.15 16.35
 823  19.61 17.48
 824  10.91 4.18
 825  19.69 18.62
 826  9.03 11.35
 827  15.89 0.53
 828  12.35 0.41
 829  17.19 0.40
 830  6.64 10.05
 831  7.92 8.48
 832  4.40 15.40
 833  13.09 4.62
 834  8.92 17.43
 835  20.36 16.42
 836  1.54 19.05
 837  8.94 17.69
 838  14.40 7.55
 839  14.17 4.31
 840  11.74 12.85
 841  1.94 20.77
 842  3.20 17.83
 843  0.30 15.56
 844  18.24 17.49
 845  15.96 3.88
 846  6.54 2.88
 847  12.37 10.94
 848  18.28 4.45
 849  15.56 6.20
 850  0.88 14.92
 851  1.61 2.42
 852  12.96 10.56
 853  20.12 6.37
 854  18.11 13.28
 855  10.68 8.84
 856  5.13 12.62
 857  8.61 8.34
 858  9.45 8.91
 859  2.89 6.69
 860  5.40 18.85
 861  10.57 11.94
 862  0.73 1.94
 863  1.88 19.00
 864  6.39 17.43
 865  4.20 7.27
 866  11.35 5.81
 867  9.70 3.31
 868  16.37 8.81
 869  9.68 13.47
 870  1.09 20.36
 871  1.31 6.23
 872  11.97 9.92
 873  14.56 0.42
 874  18.83 17.45
 875  7.11 3.23
 876  15.30 17.68
 877  15.17 16.03
 878  19.61 17.05
 879  14.03 5.00
 880  13.48 18.23
 881  12.28 3.83
 882  3.04 0.97
 883  7.14 19.41
 884  9.79 16.81
 885  11.88 10.88
 886  16.17 13.19
 887  17.11 7.14
 888  2.12 10.67
 889  7.56 20.95
 890  7.12 14.67
 891  3.18 1.42
 892  11.35 18.36
 893  17.46 9.96
 894  14.40 10.49
 895  14.97 6.88
 896  7.72 6.25
 897  10.71 10.76
 898  7.22 17.85
 899  9.17 17.01
 900  13.66 0.05
 901  6.89 8.83
 902  13.24 2.99
 903  15.98 15.36
 904  13.66 2.54
 905  15.31 20.79
 906  17.21 18.50
 907  1.21 7.56
 908  15.85 18.66
 909  17.53 9.26
 910  8.15 11.49
 911  16.14 15.88
 912  17.74 5.85
 913  5.64 3.96
 914  2.69 14.81
 915  20.97 16.35
 916  14.86 6.85
 917  4.18 7.11
 918  9.85 20.16
 919  1.47 2.51
 920  1.70 16.78
 921  2.30 18.91
 922  14.28 3.51
 923  5.47 9.14
 924  1.17 2.00
 925  18.39 9.33
 926  13.49 13.53
 927  4.20 10.23
 928  19.38 9.84
 929  14.19 1.07
 930  3.65 14.16
 931  17.42 18.52
 932  0.02 0.61
 933  4.62 9.86
 934  20.77 6.09
 935  12.38 1.47
 936  1.88 14.67
 937  20.38 16.16
 938  18.18 4.85
 939  4.29 19.35
 940  6.85 1.68
 941  7.68 20.34
 942  15.22 11.88
 943  9.58 13.60
 944  0.72 2.77
 945  14.67 4.38
 946  16.93 11.09
 947  1.89 16.94
 948  11.70 6.52
 949  5.81 11.47
 950  12.61 18.19
 951  12.94 14.48
 952  11.86 12.32
 953  9.64 9.04
 954  17.17 13.93
 955  7.39 3.02
 956  15.62 15.07
 957  2.36 9.83
 958  5.95 11.94
 959  2.43 6.67
 960  14.71 17.10
 961  11.05 10.64
 962  7.19 12.94
 963  6.58 18.89
 964  19.46 12.39
 965  9.36 11.07
 966  9.58 1.29
 967  4.55 0.44
 968  13.61 14.19
 969  9.47 9.78
 970  7.13 16.87
 971  12.80 1.74
 972  10.94 15.16
 973  11.58 16.88
 974  6.10 14.01
 975  2.56 20.80
 976  10.10 13.60
 977  10.44 17.29
 978  5.54 17.02
 979  15.18 4.00
 980  8.41 3.54
 981  15.07 17.99
 982  4.83 19.62
 983  18.42 18.44
 984  12.82 6.90
 985  7.21 19.95
 986  2.77 20.01
 987  0.69 13.70
 988  14.17 12.27
 989  9.58 20.26
 990  5.28 12.14
 991  20.07 15.38
 992  4.74 9.51
 993  11.67 10.29
 994  5.53 5.85
 995  14.29 13.94
 996  9.39 8.36
 997  10.93 14.22
 998  6.99 8.36
 999  11.66 19.80
 1000  15.25 18.87
 1001  18.75 18.02
 1002  17.88 19.44
 1003  10.72 11.05
 1004  10.71 20.30
 1005  10.31 15.99
 1006  11.45 9.38
 1007  10.37 16.19
 1008  18.89 1.04
 1009  5.48 3.42
 1010  6.89 19.77
 1011  17.36 16.28
 1012  7.13 7.29
 1013  9.50 14.12
 1014  15.65 0.16
 1015  12.92 9.90
 1016  19.03 10.67
 1017  6.92 15.91
 1018  9.11 17.64
 1019  5.96 19.82
 1020  16.94 16.28
 1021  14.81 7.39
 1022  4.66 4.17
 1023  2.58 2.55
 1024  5.22 8.06
 1025  5.97 12.11
 1026  6.83 2.33
 1027  7.39 13.96
 1028  9.62 16.90
 1029  7.08 4.27
 1030  17.06 20.00
 1031  14.17 15.09
 1032  9.68 0.09
 1033  10.00 18.79
 1034  17.73 15.97
 1035  17.61 13.67
 1036  11.24 11.42
 1037  0.06 15.90
 1038  15.59 2.64
 1039  18.45 20.81
 1040  10.70 3.42
 1041  11.92 17.52
 1042  5.74 19.31
 1043  10.48 15.36
 1044  15.21 17.56
 1045  19.63 11.27
 1046  16.56 12.79
 1047  5.36 5.24
 1048  12.88 15.36
 1049  3.02 9.60
 1050  10.32 20.63
 1051  2.27 0.57
 1052  11.05 2.33
 1053  16.47 5.64
 1054  4.97 13.92
 1055  5.45 15.67
 1056  17.33 17.37
 1057  12.19 2.08
 1058  15.68 1.67
 1059  17.44 9.89
 1060  19.23 16.07
 1061  0.16 14.79
 1062  7.86 5.51
 1063  20.03 20.74
 1064  20.87 2.05
 1065  9.34 10.20
 1066  1.69 11.62
 1067  10.76 12.74
 1068  13.95 6.23
 1069  18.38 18.92
 1070  20.14 2.83
 1071  13.59 16.47
 1072  20.20 4.78
 1073  18.55 14.88
 1074  6.45 14.99
 1075  3.77 4.68
 1076  10.05 3.93
 1077  19.47 17.91
 1078  9.44 18.49
 1079  17.65 9.31
 1080  20.54 6.00
 1081  19.50 1.23
 1082  17.62 9.27
 1083  13.97 10.57
 1084  15.49 11.35
 1085  8.49 14.64
 1086  14.18 1.08
 1087  10.11 13.38
 1088  5.86 7.66
 1089  7.27 12.31
 1090  1.64 11.04
 1091  16.99 11.70
 1092  14.96 15.46
 1093  8.61 3.40
 1094  12.95 5.27
 1095  12.71 12.49
 1096  11.27 11.22
 1097  13.72 7.88
 1098  20.48 6.69
 1099  18.45 14.98
 1100  18.04 5.95
 1101  8.61 11.22
 1102  7.03 18.72
 1103  3.61 12.89
 1104  5.38 10.88
 1105  4.20 7.02
 1106  0.91 0.19
 1107  18.72 15.88
 1108  15.65 6.33
 1109  19.28 7.59
 1110  11.60 10.99
 1111  20.09 1.87
 1112  1.21 12.81
 1113  9.75 0.69
 1114  19.51 7.21
 1115  15.66 16.55
 1116  13.16 3.27
 1117  6.77 20.19
 1118  0.99 10.38
 1119  12.08 6.37
 1120  0.26 16.28
 1121  13.39 1.17
 1122  16.47 11.11
 1123  17.05 11.11
 1124  17.44 15.33
 1125  18.71 8.04
 1126  5.32 17.80
 1127  9.91 6.52
 1128  9.61 19.66
 1129  7.21 8.12
 1130  5.87 1.88
 1131  3.66 19.03
 1132  5.15 10.44
 1133  18.21 6.15
 1134  20.82 9.29
 1135  12.52 0.08
 1136  4.57 4.91
 1137  1.25 0.04
 1138  16.02 18.30
 1139  11.15 12.46
 1140  12.62 8.86
 1141  20.51 17.94
 1142  5.66 9.42
 1143  3.47 15.27
 1144  8.08 10.68
 1145  2.39 13.95
 1146  12.56 6.05
 1147  11.98 17.71
 1148  16.49 9.19
 1149  2.86 16.31
 1150  18.48 15.38
 1151  16.38 2.05
 1152  20.29 17.63
 1153  2.09 15.31
 1154  14.93 13.24
 1155  6.77 6.55
 1156  1.10 6.28
 1157  3.49 6.76
 1158  15.70 6.96
 1159  1.03 2.78
 1160  17.64 3.41
 1161  16.73 9.20
 1162  9.46 7.71
 1163  5.91 4.95
 1164  16.90 8.77
 1165  0.25 14.38
 1166  3.15 16.64
 1167  16.43 2.43
 1168  13.27 18.52
 1169  17.74 7.19
 1170  10.76 3.51
 1171  13.74 11.85
 1172  9.79 17.23
 1173  18.61 4.48
 1174  3.19 19.64
 1175  7.26 20.82
 1176  2.05 2.99
 1177  9.02 11.51
 1178  10.70 14.93
 1179  16.46 6.60
 1180  2.70 16.72
 1181  20.99 5.84
 1182  12.35 16.42
 1183  8.28 4.62
 1184  13.93 5.02
 1185  11.81 3.69
 1186  8.53 4.55
 1187  15.54 18.31
 1188  0.78 13.16
 1189  1.79 3.97
 1190  11.79 9.05
 1191  3.79 13.85
 1192  12.04 12.81
 1193  4.36 1.75
 1194  6.74 20.82
 1195  8.35 9.44
 1196  16.54 8.34
 1197  15.29 7.89
 1198  3.75 2.57
 1199  12.51 17.68
 1200  7.58 3.32
 1201  0.37 16.11
 1202  7.87 15.92
 1203  13.42 8.66
 1204  8.07 15.21
 1205  12.63 19.87
 1206  3.27 16.42
 1207  12.71 15.31
 1208  8.24 17.07
 1209  17.06 14.98
 1210  16.89 4.41
 1211  3.42 12.43
 1212  12.75 18.71
 1213  20.33 16.50
 1214  0.28 11.84
 1215  13.18 7.86
 1216  15.16 13.56
 1217  2.97 2.04
 1218  8.47 16.39
 1219  10.70 16.54
 1220  10.60 2.32
 1221  15.41 13.87
 1222  18.75 7.12
 1223  8.18 5.98
 1224  3.19 4.24
 1225  20.97 20.09
 1226  8.65 3.39
 1227  11.52 0.40
 1228  1.10 10.85
 1229  16.89 1.38
 1230  1.69 9.07
 1231  9.24 16.85
 1232  1.63 12.21
 1233  18.89 10.10
 1234  7.60 8.58
 1235  5.65 18.20
 1236  10.91 0.06
 1237  11.07 8.65
 1238  7.18 19.25
 1239  14.64 10.37
 1240  2.50 14.60
 1241  9.45 11.15
 1242  17.99 20.97
 1243  11.54 19.09
 1244  10.82 7.44
 1245  20.47 12.50
 1246  16.51 8.71
 1247  8.35 18.14
 1248  20.91 6.24
 1249  7.24 7.51
 1250  14.82 12.89
 1251  4.71 4.73
 1252  12.94 15.78
 1253  13.38 20.12
 1254  14.03 7.02
 1255  9.49 16.53
 1256  0.62 18.94
 1257  6.67 18.61
 1258  18.92 18.21
 1259  16.71 8.73
 1260  4.65 16.18
 1261  0.24 0.16
 1262  3.88 8.59
 1263  18.30 3.79
 1264  14.83 4.54
 1265  11.30 8.65
 1266  17.43 16.01
 1267  13.38 9.37
 1268  10.79 5.76
 1269  8.49 3.82
 1270  12.78 17.98
 1271  20.34 13.40
 1272  15.92 6.01
 1273  11.02 13.84
 1274  3.23 6.72
 1275  1.57 7.87
 1276  1.90 1.81
 1277  8.03 5.78
 1278  10.40 5.33
 1279  9.57 4.22
 1280  9.87 20.87
 1281  12.87 6.30
 1282  15.88 5.25
 1283  15.67 5.67
 1284  11.01 3.16
 1285  9.48 2.79
 1286  0.14 8.83
 1287  16.20 16.07
 1288  14.84 6.21
 1289  8.91 18.07
 1290  12.93 10.48
 1291  4.94 14.83
 1292  12.29 12.97
 1293  20.60 1.68
 1294  18.31 9.18
 1295  5.91 7.18
 1296  9.05 18.78
 1297  13.48 3.93
 1298  3.04 8.15
 1299  9.60 14.05
 1300  11.31 19.08
 1301  16.84 11.46
 1302  6.91 12.04
 1303  6.52 0.75
 1304  18.25 15.43
 1305  18.82 10.18
 1306  4.91 2.76
 1307  4.01 17.19
 1308  15.73 3.61
 1309  18.88 13.04
 1310  12.79 3.79
 1311  20.21 0.84
 1312  1.57 12.69
 1313  4.77 4.60
 1314  20.84 14.37
 1315  18.65 11.16
 1316  12.45 14.49
 1317  1.61 19.36
 1318  5.53 8.14
 1319  20.11 2.78
 1320  2.57 17.93
 1321  12.96 7.47
 1322  20.68 16.97
 1323  3.67 15.41
 1324  20.58 1.55
 1325  7.45 12.36
 1326  5.33 6.66
 1327  13.20 6.90
 1328  19.36 17.97
 1329  11.50 19.20
 1330  11.33 9.16
 1331  9.36 2.79
 1332  2.65 10.97
 1333  1.15 8.18
 1334  19.10 0.26
 1335  10.96 0.67
 1336  18.19 2.92
 1337  8.15 17.87
 1338  19.89 11.81
 1339  12.28 19.47
 1340  13.36 19.73
 1341  10.84 18.69
 1342  5.40 3.04
 1343  4.59 3.76
 1344  0.00 16.10
 1345  1.96 11.34
 1346  4.25 11.31
 1347  14.12 6.90
 1348  1.28 15.27
 1349  15.09 20.39
 1350  15.53 5.05
 1351  0.06 12.72
 1352  7.97 8.20
 1353  9.59 6.87
 1354  20.02 0.87
 1355  5.34 12.38
 1356  20.60 16.17
 1357  10.07 5.00
 1358  19.21 14.66
 1359  8.76 19.21
 1360  9.76 10.72
 1361  9.55 14.01
 1362  1.03 2.67
 1363  20.92 2.31
 1364  17.94 15.00
 1365  1.70 12.47
 1366  20.05 1.75
 1367  4.19 7.03
 1368  9.96 13.77
 1369  13.89 8.97
 1370  14.64 19.23
 1371  0.35 14.25
 1372  14.40 10.42
 1373  19.25 12.61
 1374  4.08 7.01
 1375  10.82 13.85
 1376  17.73 20.37
 1377  6.86 18.76
 1378  2.04 6.78
 1379  0.07 19.98
 1380  0.78 1.77
 1381  11.45 20.83
 1382  3.52 15.64
 1383  6.86 13.48
 1384  8.41 20.75
 1385  1.45 2.06
 1386  18.98 1.80
 1387  16.30 12.38
 1388  12.23 14.56
 1389  3.99 16.31
 1390  0.57 14.81
 1391  9.16 18.30
 1392  14.18 16.02
 1393  16.06 16.22
 1394  1.79 16.13
 1395  15.21 2.58
 1396  17.90 5.66
 1397  2.41 0.42
 1398  0.30 9.27
 1399  13.90 8.72
 1400  9.02 15.36
 1401  10.77 7.01
 1402  17.16 6.08
 1403  19.39 8.39
 1404  20.63 2.38
 1405  3.70 0.20
 1406  17.19 12.85
 1407  18.50 10.37
 1408  7.87 13.56
 1409  5.59 9.66
 1410  8.69 20.80
 1411  12.24 5.59
 1412  5.46 14.65
 1413  6.01 5.76
 1414  2.92 19.92
 1415  14.47 11.95
 1416  14.27 4.25
 1417  18.95 10.44
 1418  10.33 17.34
 1419  18.83 9.96
 1420  19.72 1.52
 1421  10.16 15.91
 1422  14.38 7.66
 1423  5.28 1.25
 1424  0.22 10.87
 1425  10.91 8.90
 1426  10.66 2.15
 1427  14.49 16.12
 1428  16.80 20.50
 1429  0.88 19.72
 1430  19.42 15.35
 1431  10.67 12.69
 1432  19.60 8.62
 1433  2.13 8.92
 1434  4.96 20.96
 1435  18.88 3.68
 1436  1.48 8.04
 1437  19.59 15.86
 1438  15.70 3.86
 1439  17.11 15.92
 1440  14.73 7.02
 1441  3.82 4.39
 1442  9.17 18.31
 1443  20.51 4.97
 1444  17.81 0.39
 1445  3.69 16.23
 1446  15.74 14.36
 1447  7.92 14.34
 1448  1.99 10.05
 1449  2.26 6.95
 1450  10.01 0.14
 1451  10.63 11.49
 1452  8.18 9.22
 1453  6.35 2.88
 1454  13.08 2.45
 1455  18.80 6.81
 1456  9.47 1.62
 1457  11.20 18.64
 1458  19.93 10.72
 1459  2.61 16.74
 1460  11.10 6.30
 1461  11.97 5.84
 1462  20.66 19.89
 1463  20.18 1.65
 1464  8.94 1.44
 1465  8.60 18.94
 1466  1.58 19.23
 1467  9.43 9.77
 1468  7.45 15.77
 1469  12.65 20.53
 1470  18.23 10.45
 1471  6.34 6.70
 1472  12.07 17.55
 1473  4.33 11.00
 1474  7.26 6.94
 1475  6.73 18.36
 1476  13.24 18.70
 1477  3.21 12.90
 1478  17.58 2.38
 1479  14.55 5.52
 1480  3.82 2.15
 1481  3.46 5.40
 1482  0.38 12.89
 1483  15.17 7.83
 1484  7.66 6.82
 1485  7.35 4.89
 1486  17.27 13.70
 1487  11.59 8.34
 1488  10.24 15.92
 1489  19.34 17.51
 1490  1.86 5.07
 1491  14.87 15.10
 1492  2.77 18.08
 1493  7.00 20.35
 1494  20.46 0.56
 1495  4.87 3.28
 1496  2.70 8.33
 1497  8.69 3.08
 1498  0.22 2.86
 1499  10.91 7.89
 1500  9.68 18.26
